11176, 5.0, 4.0, 4.0, 3.0, 3.5, 5.0, 3.5, 5.0, 3.5, 4.0, 3.5, 4.0, 4.0, 3.0, 1.0, 3.5, 4.5, 2.0, 4.0, 3.5, 2.0, 5.0, 1.0, 2.5, 5.0, 3.0, 2.5, 5.0, 4.0, 1.5, 3.5, 1.0, 
2985, 3.0, 3.0, 3.5, 4.5, 3.0, 2.5, 3.0, 5.0, 4.0, 4.0, 5.0, 5.0, 3.5, 5.0, 4.0, 1.5, 5.0, 3.5, 4.0, 4.5, 4.5, 3.0, 5.0, 3.5, 1.0, 3.5, 3.5, 4.0, 5.0, 5.0, 2.5, 3.0, 4.0, 3.0, 2.0, 3.5, 3.0, 5.0, 5.0, 2.5, 4.0, 3.0, 3.0, 1.5, 3.5, 3.0, 2.5, 5.0, 1.5, 3.0, 3.0, 3.0, 3.5, 4.5, 1.0, 4.5, 5.0, 3.0, 3.0, 3.5, 2.0, 2.5, 4.5, 4.5, 4.0, 3.5, 3.0, 4.0, 2.0, 5.0, 5.0, 5.0, 3.0, 3.5, 3.0, 1.5, 3.0, 3.0, 5.0, 0.5, 1.5, 3.0, 3.0, 1.0, 4.0, 3.5, 3.0, 1.0, 2.5, 4.5, 3.5, 3.0, 3.0, 4.0, 4.5, 3.0, 5.0, 2.5, 3.5, 3.0, 5.0, 0.5, 0.5, 1.0, 4.0, 4.0, 4.0, 3.0, 3.5, 5.0, 4.0, 2.0, 3.5, 2.0, 2.5, 0.5, 2.5, 4.0, 5.0, 5.0, 3.0, 5.0, 2.5, 4.5, 1.0, 2.0, 4.0, 4.5, 3.0, 3.5, 3.5, 2.0, 5.0, 3.0, 5.0, 4.0, 1.0, 3.0, 3.0, 5.0, 4.0, 5.0, 3.5, 4.0, 4.0, 3.5, 5.0, 5.0, 3.5, 4.0, 4.5, 3.0, 4.0, 3.5, 4.0, 5.0, 4.5, 4.0, 3.5, 1.5, 2.5, 4.0, 4.5, 3.0, 3.5, 4.0, 3.0, 2.5, 2.5, 4.0, 3.0, 5.0, 3.0, 5.0, 4.5, 2.0, 5.0, 2.0, 4.5, 4.0, 4.5, 2.5, 3.5, 0.5, 2.5, 3.5, 3.5, 5.0, 1.0, 2.5, 4.0, 4.0, 3.5, 3.0, 4.0, 3.0, 5.0, 5.0, 5.0, 2.0, 2.0, 4.0, 4.0, 0.5, 2.5, 3.0, 3.5, 5.0, 3.5, 3.0, 3.5, 4.5, 1.5, 3.0, 2.0, 1.0, 2.5, 4.0, 4.0, 4.5, 4.0, 0.5, 3.0, 4.5, 5.0, 2.5, 4.0, 3.0, 3.5, 2.5, 1.0, 5.0, 4.5, 4.5, 3.5, 4.5, 1.5, 5.0, 3.5, 3.0, 3.5, 2.5, 4.5, 3.5, 4.0, 5.0, 4.5, 4.0, 5.0, 2.5, 2.0, 5.0, 5.0, 0.5, 4.0, 4.0, 4.0, 5.0, 2.5, 1.0, 3.0, 2.5, 4.5, 4.0, 4.0, 3.0, 3.0, 3.0, 5.0, 4.5, 3.0, 0.5, 3.0, 3.5, 3.0, 1.5, 2.0, 3.5, 2.0, 1.0, 1.5, 0.5, 0.5, 3.0, 4.0, 5.0, 2.0, 5.0, 2.0, 2.0, 1.0, 3.5, 3.0, 3.0, 3.5, 5.0, 4.5, 3.5, 3.5, 4.0, 4.0, 3.5, 4.5, 2.5, 4.0, 3.0, 4.0, 3.5, 3.5, 3.0, 3.0, 4.0, 1.0, 4.0, 3.0, 5.0, 4.0, 3.5, 2.5, 4.0, 5.0, 4.0, 5.0, 3.0, 4.0, 1.5, 4.0, 4.5, 4.0, 4.5, 4.0, 3.5, 4.0, 2.0, 3.0, 4.0, 1.5, 5.0, 3.0, 3.0, 5.0, 4.0, 5.0, 3.5, 4.0, 4.0, 3.5, 4.5, 
17321, 5.0, 4.0, 5.0, 3.0, 2.0, 5.0, 3.0, 2.5, 0.5, 4.0, 5.0, 4.0, 3.5, 3.0, 5.0, 4.0, 5.0, 4.0, 5.0, 2.5, 5.0, 4.0, 4.0, 2.5, 3.0, 4.0, 4.5, 5.0, 5.0, 5.0, 4.5, 2.0, 5.0, 4.0, 4.0, 2.5, 4.5, 
17324, 4.0, 3.0, 3.0, 4.0, 3.0, 4.0, 2.5, 3.5, 4.0, 5.0, 2.0, 1.0, 5.0, 3.5, 2.5, 4.0, 4.0, 5.0, 5.0, 3.5, 4.5, 2.5, 5.0, 2.5, 2.5, 4.0, 5.0, 2.5, 3.0, 1.5, 4.0, 3.0, 2.0, 3.5, 4.0, 4.0, 4.0, 3.0, 4.0, 3.0, 4.0, 4.5, 5.0, 3.5, 1.0, 3.5, 3.5, 5.0, 4.0, 3.0, 1.5, 3.0, 5.0, 5.0, 1.5, 0.5, 4.0, 0.5, 4.0, 3.0, 4.0, 3.0, 4.0, 2.5, 5.0, 5.0, 1.5, 4.5, 5.0, 3.5, 4.5, 2.5, 3.5, 4.0, 4.5, 4.0, 1.5, 4.0, 5.0, 2.5, 1.0, 2.5, 2.0, 4.0, 5.0, 4.0, 4.0, 2.5, 3.5, 3.0, 3.0, 4.0, 3.0, 4.0, 3.5, 4.0, 3.0, 4.0, 3.5, 3.0, 3.5, 4.0, 4.0, 1.5, 5.0, 3.0, 5.0, 2.0, 3.0, 3.0, 2.0, 4.0, 3.0, 4.0, 3.0, 4.0, 0.5, 4.0, 0.5, 4.0, 3.0, 4.0, 3.0, 3.0, 3.5, 3.5, 3.0, 5.0, 3.5, 3.0, 5.0, 5.0, 2.0, 3.0, 3.0, 5.0, 3.0, 4.0, 4.0, 1.0, 5.0, 4.0, 4.5, 2.5, 0.5, 5.0, 1.0, 3.5, 4.0, 4.0, 3.0, 3.5, 3.0, 1.5, 5.0, 3.5, 2.5, 4.0, 3.5, 5.0, 0.5, 3.0, 5.0, 3.0, 4.0, 3.0, 3.0, 2.0, 3.0, 4.0, 5.0, 2.0, 3.0, 4.0, 3.0, 3.0, 5.0, 3.0, 5.0, 4.0, 3.0, 4.5, 5.0, 1.5, 3.5, 2.5, 5.0, 3.5, 3.0, 5.0, 3.0, 3.0, 3.0, 3.5, 5.0, 4.5, 3.5, 3.5, 2.5, 5.0, 3.0, 3.0, 3.0, 5.0, 1.0, 2.0, 2.5, 5.0, 5.0, 4.0, 1.5, 3.0, 2.0, 1.0, 5.0, 1.0, 4.0, 2.0, 5.0, 3.5, 5.0, 3.0, 4.5, 3.5, 5.0, 5.0, 3.0, 0.5, 4.0, 3.0, 1.5, 2.5, 4.0, 2.5, 3.0, 1.0, 4.5, 4.5, 4.0, 1.5, 3.0, 4.0, 3.0, 4.0, 5.0, 4.0, 3.0, 2.5, 4.0, 4.0, 3.5, 4.0, 5.0, 2.5, 3.0, 2.5, 4.0, 1.5, 2.5, 4.0, 2.5, 1.5, 5.0, 5.0, 3.0, 4.0, 3.0, 2.0, 5.0, 5.0, 4.0, 4.5, 5.0, 3.5, 3.0, 3.0, 4.0, 2.0, 2.5, 5.0, 5.0, 3.5, 1.5, 4.5, 4.0, 4.0, 4.0, 4.5, 2.0, 2.5, 4.5, 3.0, 5.0, 0.5, 4.5, 4.0, 0.5, 3.0, 3.0, 4.0, 0.5, 5.0, 5.0, 1.5, 4.5, 4.0, 3.0, 2.5, 3.0, 5.0, 1.5, 3.0, 2.5, 3.0, 1.0, 3.5, 4.0, 3.0, 4.5, 4.0, 5.0, 4.0, 3.5, 3.0, 4.0, 3.0, 4.0, 2.0, 2.0, 2.5, 3.0, 2.5, 1.5, 3.5, 3.0, 4.5, 3.5, 5.0, 3.0, 2.0, 4.0, 1.0, 5.0, 5.0, 3.5, 4.5, 3.0, 2.5, 5.0, 5.0, 2.5, 1.0, 4.5, 3.0, 5.0, 3.0, 2.0, 3.0, 4.5, 1.0, 1.0, 3.0, 5.0, 4.0, 3.0, 3.5, 3.0, 5.0, 4.0, 3.0, 3.0, 
940, 4.5, 3.0, 3.5, 4.0, 0.5, 3.5, 2.0, 3.5, 3.5, 2.5, 4.5, 1.0, 4.0, 4.5, 5.0, 4.0, 3.0, 3.5, 3.5, 4.0, 3.0, 
11182, 3.5, 3.5, 4.0, 4.0, 4.5, 5.0, 4.5, 3.5, 4.5, 1.0, 
2992, 4.5, 4.0, 5.0, 4.0, 4.0, 3.0, 5.0, 5.0, 4.0, 4.5, 3.0, 4.5, 4.0, 3.5, 5.0, 4.5, 3.5, 
17330, 5.0, 4.0, 5.0, 2.0, 4.5, 5.0, 0.5, 3.5, 3.5, 
17335, 5.0, 3.5, 5.0, 4.5, 4.0, 3.5, 
5050, 3.5, 3.5, 5.0, 5.0, 5.0, 4.0, 4.5, 4.5, 
17339, 2.5, 5.0, 4.0, 3.5, 3.5, 4.5, 4.5, 4.0, 4.5, 1.0, 4.0, 5.0, 4.5, 4.5, 3.5, 3.0, 4.5, 5.0, 
5054, 5.0, 3.0, 2.0, 2.5, 3.5, 5.0, 4.0, 3.0, 3.0, 3.0, 4.5, 3.5, 5.0, 3.5, 0.5, 3.5, 4.0, 4.0, 1.0, 2.5, 2.0, 4.5, 3.5, 4.0, 2.0, 4.5, 0.5, 5.0, 
11199, 5.0, 5.0, 5.0, 5.0, 
17343, 4.0, 5.0, 4.5, 3.0, 3.0, 5.0, 
13248, 3.5, 2.0, 2.0, 3.5, 1.5, 4.5, 2.5, 4.5, 1.0, 2.5, 
5056, 0.5, 5.0, 1.0, 4.0, 5.0, 4.0, 2.5, 3.0, 3.5, 
13251, 3.5, 5.0, 4.0, 1.5, 5.0, 3.5, 4.0, 5.0, 5.0, 1.0, 4.0, 3.0, 4.0, 3.0, 
963, 4.0, 3.0, 3.0, 5.0, 
13255, 2.0, 3.0, 4.5, 4.0, 4.5, 4.5, 4.0, 1.0, 5.0, 4.5, 5.0, 3.0, 5.0, 5.0, 2.5, 3.0, 4.5, 4.5, 4.5, 4.0, 4.5, 2.5, 3.5, 4.5, 3.0, 
5063, 4.0, 0.5, 2.0, 3.0, 
5069, 3.5, 5.0, 4.0, 3.5, 3.5, 
5071, 5.0, 5.0, 4.5, 3.5, 4.0, 4.0, 5.0, 2.5, 4.0, 
11218, 4.5, 5.0, 0.5, 3.5, 5.0, 5.0, 
980, 5.0, 5.0, 5.0, 3.0, 4.5, 1.5, 3.0, 
7125, 3.0, 4.0, 5.0, 4.5, 
985, 5.0, 0.5, 0.5, 3.5, 5.0, 5.0, 4.5, 4.5, 3.5, 5.0, 4.0, 3.5, 2.5, 5.0, 3.0, 1.0, 4.5, 0.5, 5.0, 4.0, 3.5, 3.5, 5.0, 4.0, 4.0, 3.0, 5.0, 4.0, 3.0, 3.0, 4.5, 5.0, 4.5, 4.0, 4.0, 3.0, 3.5, 3.5, 4.5, 2.0, 2.5, 5.0, 4.0, 4.5, 3.5, 5.0, 3.0, 3.0, 3.5, 4.5, 4.5, 5.0, 
13273, 3.0, 4.0, 3.5, 2.0, 5.0, 4.0, 2.0, 5.0, 4.5, 3.5, 5.0, 4.0, 0.5, 4.5, 
5085, 1.0, 3.5, 4.5, 2.5, 
5088, 4.5, 3.0, 4.0, 5.0, 2.0, 4.0, 5.0, 5.0, 0.5, 5.0, 2.5, 5.0, 3.5, 3.5, 2.5, 5.0, 4.5, 4.0, 2.0, 5.0, 2.0, 5.0, 4.0, 1.5, 4.0, 4.5, 5.0, 5.0, 4.0, 5.0, 5.0, 5.0, 2.5, 5.0, 4.5, 5.0, 5.0, 5.0, 3.0, 5.0, 5.0, 4.5, 5.0, 5.0, 4.5, 5.0, 5.0, 5.0, 5.0, 5.0, 3.5, 4.5, 5.0, 3.5, 5.0, 4.0, 5.0, 1.0, 5.0, 5.0, 3.5, 3.0, 4.5, 3.0, 1.0, 4.0, 
11234, 3.0, 5.0, 1.0, 
994, 4.0, 5.0, 4.0, 4.0, 3.0, 4.0, 
7145, 4.5, 2.5, 3.5, 3.0, 4.0, 
11242, 4.0, 5.0, 3.5, 4.5, 5.0, 4.5, 4.5, 
17387, 5.0, 4.0, 4.5, 5.0, 5.0, 4.0, 2.5, 
15339, 3.5, 4.5, 5.0, 
15342, 5.0, 4.5, 4.5, 3.5, 
1012, 4.5, 5.0, 2.0, 3.0, 4.5, 0.5, 
9205, 4.5, 5.0, 3.5, 3.0, 
11254, 5.0, 5.0, 1.0, 1.0, 2.0, 3.0, 5.0, 4.0, 1.5, 
17398, 1.5, 3.5, 2.5, 4.0, 
13302, 4.0, 5.0, 4.0, 5.0, 3.0, 4.5, 5.0, 5.0, 5.0, 5.0, 4.0, 5.0, 
5112, 5.0, 0.5, 4.5, 4.0, 4.5, 4.0, 3.0, 3.5, 1.0, 
17405, 0.5, 4.5, 2.0, 4.0, 4.0, 3.0, 
13315, 5.0, 5.0, 0.5, 3.5, 2.5, 1.0, 5.0, 3.0, 0.5, 4.5, 4.0, 5.0, 0.5, 5.0, 4.0, 2.0, 5.0, 4.5, 4.0, 5.0, 3.0, 0.5, 3.5, 4.0, 4.5, 4.5, 0.5, 4.0, 5.0, 5.0, 4.0, 4.0, 4.0, 5.0, 5.0, 3.0, 5.0, 3.0, 5.0, 4.5, 5.0, 4.5, 5.0, 3.0, 5.0, 5.0, 3.0, 1.5, 2.0, 5.0, 5.0, 2.0, 5.0, 5.0, 4.0, 1.5, 5.0, 3.5, 5.0, 3.5, 3.0, 4.5, 4.0, 5.0, 2.0, 0.5, 4.0, 3.5, 2.5, 5.0, 3.5, 3.0, 5.0, 1.5, 3.0, 4.5, 4.0, 5.0, 5.0, 
15366, 4.5, 4.5, 5.0, 1.5, 5.0, 5.0, 
3079, 5.0, 5.0, 5.0, 4.0, 5.0, 4.0, 4.5, 5.0, 3.5, 3.5, 4.5, 5.0, 5.0, 4.5, 5.0, 3.5, 5.0, 3.5, 5.0, 3.5, 4.0, 4.5, 4.0, 2.5, 5.0, 4.0, 3.0, 3.5, 5.0, 4.0, 4.0, 4.0, 4.5, 4.5, 5.0, 5.0, 5.0, 4.0, 3.0, 3.0, 4.5, 2.0, 4.0, 4.0, 5.0, 5.0, 5.0, 4.5, 4.0, 5.0, 3.0, 5.0, 4.5, 5.0, 5.0, 5.0, 4.5, 3.0, 4.5, 4.5, 5.0, 2.5, 3.0, 3.0, 0.5, 5.0, 5.0, 5.0, 4.0, 4.5, 4.0, 5.0, 4.0, 5.0, 4.5, 5.0, 5.0, 5.0, 5.0, 4.0, 5.0, 5.0, 4.0, 3.5, 2.0, 4.0, 3.0, 5.0, 4.0, 5.0, 4.5, 2.5, 4.5, 3.0, 5.0, 5.0, 3.5, 4.5, 3.0, 3.5, 4.0, 5.0, 
7179, 5.0, 5.0, 1.5, 3.0, 5.0, 4.0, 4.5, 4.0, 4.0, 
3085, 5.0, 1.0, 5.0, 4.0, 2.5, 3.0, 5.0, 5.0, 2.5, 4.0, 3.5, 5.0, 5.0, 5.0, 4.5, 4.5, 5.0, 4.0, 3.0, 2.0, 0.5, 5.0, 5.0, 3.5, 5.0, 5.0, 3.5, 5.0, 1.0, 4.0, 3.0, 2.5, 5.0, 4.5, 0.5, 5.0, 4.0, 
17426, 5.0, 3.5, 5.0, 4.5, 3.5, 3.5, 5.0, 5.0, 3.5, 3.5, 4.0, 5.0, 2.5, 
9234, 1.5, 1.0, 3.0, 5.0, 4.5, 
11283, 5.0, 4.0, 4.5, 3.5, 5.0, 5.0, 3.0, 5.0, 5.0, 4.0, 5.0, 5.0, 5.0, 4.5, 2.5, 4.0, 4.5, 4.5, 4.0, 5.0, 4.0, 4.5, 5.0, 5.0, 5.0, 3.5, 5.0, 4.0, 3.0, 5.0, 4.5, 5.0, 5.0, 4.0, 5.0, 4.5, 4.5, 5.0, 4.5, 4.5, 5.0, 5.0, 5.0, 5.0, 5.0, 5.0, 3.5, 5.0, 3.0, 5.0, 5.0, 4.5, 4.5, 4.5, 5.0, 5.0, 4.5, 5.0, 4.0, 5.0, 5.0, 4.0, 5.0, 4.5, 0.5, 5.0, 4.5, 4.5, 4.5, 3.0, 3.5, 3.5, 4.0, 4.0, 5.0, 
9235, 4.0, 5.0, 5.0, 4.5, 2.5, 
1046, 4.0, 3.5, 3.5, 5.0, 5.0, 5.0, 4.0, 4.0, 5.0, 2.5, 5.0, 2.0, 3.0, 5.0, 4.5, 3.0, 2.5, 5.0, 
17431, 4.5, 4.5, 
7193, 3.5, 4.0, 5.0, 5.0, 5.0, 5.0, 3.0, 5.0, 0.5, 1.5, 4.0, 2.5, 3.0, 3.5, 4.5, 4.0, 5.0, 4.5, 4.5, 5.0, 4.0, 2.0, 4.5, 5.0, 5.0, 5.0, 4.5, 5.0, 4.0, 4.0, 4.5, 3.5, 4.0, 4.5, 5.0, 3.0, 5.0, 5.0, 5.0, 
13342, 3.0, 0.5, 5.0, 4.0, 3.5, 3.0, 
5151, 3.5, 3.0, 4.0, 4.0, 4.5, 5.0, 1.5, 3.0, 3.5, 4.0, 4.0, 
15393, 3.5, 5.0, 5.0, 2.0, 4.0, 4.0, 5.0, 4.0, 4.5, 3.5, 5.0, 4.0, 5.0, 4.5, 4.5, 2.5, 3.0, 4.0, 4.0, 3.0, 4.0, 5.0, 3.5, 5.0, 4.0, 4.5, 3.5, 5.0, 3.0, 3.5, 5.0, 3.5, 4.0, 3.5, 5.0, 4.5, 4.0, 5.0, 5.0, 4.0, 5.0, 4.0, 4.0, 5.0, 5.0, 4.0, 4.0, 3.5, 4.0, 4.5, 2.5, 3.0, 2.0, 1.5, 4.0, 3.0, 4.0, 4.5, 4.0, 
17441, 3.0, 4.0, 3.5, 
5154, 4.0, 3.0, 2.5, 3.0, 3.5, 5.0, 4.5, 4.0, 3.5, 0.5, 4.0, 4.5, 2.0, 3.0, 5.0, 3.0, 5.0, 3.5, 3.0, 3.5, 0.5, 4.0, 3.0, 4.0, 
3106, 0.5, 3.5, 0.5, 4.0, 3.0, 4.0, 2.5, 3.5, 4.5, 4.0, 4.0, 5.0, 1.0, 3.5, 5.0, 5.0, 4.5, 4.0, 0.5, 3.5, 5.0, 3.5, 3.0, 1.0, 5.0, 4.5, 3.5, 
11301, 4.0, 4.5, 5.0, 
9254, 3.0, 4.0, 5.0, 4.0, 3.0, 3.5, 5.0, 5.0, 5.0, 4.5, 5.0, 4.0, 4.0, 5.0, 4.5, 3.5, 4.0, 4.5, 5.0, 5.0, 3.5, 5.0, 5.0, 4.5, 4.5, 5.0, 4.0, 3.0, 4.5, 4.0, 5.0, 5.0, 4.0, 0.5, 4.0, 2.0, 5.0, 3.5, 4.5, 3.5, 3.0, 5.0, 0.5, 
13359, 4.0, 4.5, 4.5, 5.0, 1.0, 4.5, 2.5, 5.0, 3.5, 3.5, 4.5, 4.0, 4.0, 5.0, 5.0, 5.0, 4.0, 4.5, 3.5, 5.0, 5.0, 2.5, 4.0, 5.0, 0.5, 5.0, 4.0, 
1073, 5.0, 4.5, 3.5, 3.5, 2.0, 1.5, 5.0, 3.0, 4.0, 
15409, 5.0, 2.0, 5.0, 4.0, 3.0, 5.0, 4.0, 3.5, 4.5, 5.0, 5.0, 5.0, 4.5, 3.5, 1.0, 2.0, 1.5, 2.5, 2.5, 3.0, 5.0, 3.5, 5.0, 3.0, 
9265, 4.0, 2.0, 4.0, 4.0, 4.0, 3.0, 5.0, 5.0, 3.5, 3.5, 4.5, 4.0, 0.5, 5.0, 0.5, 3.0, 2.0, 5.0, 3.5, 3.5, 4.0, 1.5, 1.5, 3.0, 4.0, 5.0, 4.5, 4.5, 4.5, 4.0, 3.0, 3.0, 0.5, 
5169, 4.0, 5.0, 2.0, 4.0, 
7219, 5.0, 4.0, 4.0, 5.0, 3.0, 
3124, 3.5, 4.5, 3.5, 4.0, 0.5, 
7227, 4.0, 3.0, 3.0, 5.0, 3.0, 1.5, 3.5, 3.0, 4.0, 4.5, 5.0, 4.0, 4.5, 4.0, 5.0, 3.0, 4.0, 5.0, 3.0, 3.5, 3.0, 4.5, 5.0, 3.0, 3.5, 5.0, 4.0, 3.0, 
11323, 3.0, 3.0, 2.5, 5.0, 4.5, 4.5, 5.0, 3.5, 5.0, 1.5, 5.0, 5.0, 2.5, 5.0, 5.0, 
5181, 4.0, 4.0, 4.5, 4.0, 3.5, 
15421, 5.0, 5.0, 5.0, 4.5, 3.5, 3.5, 3.5, 4.0, 4.5, 4.0, 3.5, 
9279, 5.0, 5.0, 5.0, 2.0, 
7233, 3.5, 4.5, 4.5, 3.5, 5.0, 4.5, 5.0, 5.0, 4.5, 5.0, 4.0, 4.0, 
15425, 3.0, 4.5, 5.0, 3.0, 5.0, 5.0, 5.0, 5.0, 2.5, 5.0, 5.0, 4.5, 3.5, 5.0, 5.0, 4.0, 
7234, 5.0, 4.5, 4.0, 4.0, 5.0, 3.5, 3.5, 
3138, 5.0, 5.0, 5.0, 4.0, 5.0, 2.5, 2.5, 5.0, 4.5, 4.0, 3.5, 0.5, 1.5, 3.0, 3.0, 2.5, 4.0, 4.0, 3.0, 3.0, 0.5, 1.0, 1.0, 
15429, 5.0, 2.5, 5.0, 2.0, 3.5, 4.0, 0.5, 5.0, 4.0, 2.5, 4.5, 4.0, 3.0, 3.0, 4.5, 5.0, 4.0, 
17479, 5.0, 4.0, 1.5, 3.0, 3.0, 0.5, 4.0, 3.5, 4.5, 0.5, 5.0, 5.0, 4.0, 2.0, 4.5, 3.0, 5.0, 2.0, 5.0, 4.5, 4.5, 5.0, 1.0, 4.5, 3.5, 2.5, 3.0, 4.0, 3.5, 3.5, 4.0, 2.5, 3.0, 3.5, 4.0, 1.5, 3.5, 4.0, 4.0, 1.0, 0.5, 1.0, 3.0, 4.5, 3.0, 3.0, 5.0, 3.0, 3.0, 2.0, 3.0, 5.0, 3.0, 4.0, 3.0, 4.5, 3.5, 0.5, 4.0, 5.0, 3.0, 2.0, 3.5, 3.0, 4.0, 3.5, 2.0, 3.0, 0.5, 4.0, 1.0, 0.5, 2.5, 3.5, 1.0, 3.0, 3.0, 2.0, 0.5, 4.5, 0.5, 2.0, 2.0, 3.0, 3.0, 3.0, 0.5, 5.0, 3.0, 4.0, 4.0, 5.0, 2.0, 3.0, 3.0, 2.5, 3.5, 5.0, 3.5, 2.0, 2.5, 3.0, 0.5, 4.5, 4.0, 1.5, 1.0, 2.5, 5.0, 5.0, 3.0, 3.0, 4.5, 5.0, 1.5, 2.0, 2.0, 4.0, 5.0, 1.0, 3.0, 4.5, 3.0, 4.5, 3.5, 3.5, 3.0, 4.0, 4.0, 4.0, 4.0, 5.0, 4.0, 2.0, 1.0, 5.0, 4.0, 3.0, 2.0, 3.5, 1.0, 2.5, 3.5, 4.0, 5.0, 0.5, 4.0, 4.5, 3.5, 5.0, 2.5, 5.0, 5.0, 4.0, 3.0, 3.0, 4.0, 2.5, 5.0, 3.5, 2.0, 4.0, 0.5, 1.0, 3.5, 5.0, 2.0, 1.0, 5.0, 5.0, 3.5, 5.0, 5.0, 2.0, 3.0, 5.0, 4.0, 1.0, 5.0, 5.0, 2.5, 1.0, 1.5, 5.0, 3.5, 3.5, 2.0, 1.0, 5.0, 4.0, 3.0, 3.0, 0.5, 4.0, 3.0, 3.0, 3.0, 3.0, 4.5, 2.0, 5.0, 1.0, 4.5, 4.5, 3.5, 4.5, 3.0, 3.5, 3.5, 3.0, 3.5, 4.0, 3.0, 4.0, 4.0, 2.5, 2.5, 5.0, 2.5, 4.0, 5.0, 4.0, 2.5, 3.5, 4.0, 1.0, 3.0, 4.0, 2.0, 4.5, 1.5, 1.0, 5.0, 1.0, 4.5, 0.5, 5.0, 2.5, 5.0, 4.0, 1.5, 4.0, 4.0, 4.0, 4.0, 3.0, 5.0, 4.0, 1.5, 4.0, 2.5, 4.0, 1.0, 3.0, 4.0, 2.0, 3.5, 5.0, 4.5, 5.0, 5.0, 0.5, 3.5, 3.0, 2.0, 4.5, 5.0, 3.0, 0.5, 2.5, 3.0, 1.0, 4.0, 3.0, 3.0, 4.5, 4.5, 5.0, 0.5, 3.0, 5.0, 3.5, 4.0, 1.0, 2.0, 4.0, 1.5, 4.0, 2.5, 3.0, 4.0, 2.0, 0.5, 3.0, 3.0, 3.5, 3.0, 4.0, 2.5, 4.0, 4.0, 3.0, 3.0, 5.0, 3.0, 2.0, 5.0, 1.5, 3.0, 0.5, 2.5, 2.0, 4.0, 2.5, 4.0, 3.5, 4.5, 4.0, 3.0, 5.0, 3.5, 0.5, 2.0, 5.0, 2.5, 4.5, 3.0, 1.5, 3.5, 4.0, 2.5, 1.5, 2.5, 5.0, 3.0, 3.0, 4.0, 3.5, 4.0, 3.5, 3.0, 0.5, 2.0, 3.5, 5.0, 4.5, 3.5, 5.0, 5.0, 
5191, 4.0, 3.0, 3.0, 4.5, 0.5, 
7240, 5.0, 4.0, 5.0, 4.5, 3.0, 
11337, 4.5, 1.5, 3.0, 2.5, 3.0, 4.0, 5.0, 5.0, 3.5, 3.5, 1.0, 2.0, 4.5, 4.0, 3.0, 4.0, 4.0, 3.5, 2.0, 4.0, 5.0, 3.0, 5.0, 4.0, 5.0, 3.0, 2.0, 5.0, 4.0, 4.0, 4.0, 3.0, 5.0, 4.5, 5.0, 3.5, 3.0, 5.0, 1.5, 2.5, 4.0, 5.0, 3.0, 1.0, 5.0, 3.5, 3.0, 3.5, 5.0, 4.0, 4.0, 4.0, 3.0, 3.5, 0.5, 0.5, 3.0, 4.0, 5.0, 5.0, 4.0, 0.5, 1.5, 3.0, 3.0, 5.0, 3.0, 5.0, 4.0, 5.0, 4.0, 2.5, 5.0, 2.0, 3.0, 1.0, 5.0, 5.0, 3.0, 3.0, 1.5, 5.0, 3.0, 4.0, 2.0, 1.5, 4.0, 3.5, 3.5, 5.0, 0.5, 3.5, 1.5, 4.0, 2.0, 5.0, 0.5, 5.0, 5.0, 3.5, 4.0, 4.0, 4.0, 4.0, 2.5, 0.5, 5.0, 4.5, 4.0, 2.0, 4.0, 4.5, 2.0, 3.0, 4.5, 4.5, 4.0, 1.5, 2.5, 3.0, 5.0, 4.0, 4.5, 5.0, 2.0, 1.0, 4.0, 3.0, 2.5, 4.0, 2.5, 5.0, 4.0, 4.0, 4.0, 3.0, 5.0, 5.0, 3.0, 2.0, 4.0, 4.0, 5.0, 2.0, 4.0, 5.0, 4.0, 3.5, 5.0, 1.0, 4.0, 3.5, 5.0, 3.5, 3.5, 4.5, 2.0, 3.5, 5.0, 4.0, 5.0, 3.5, 5.0, 3.0, 4.0, 3.5, 4.0, 3.0, 4.0, 4.0, 3.5, 4.0, 2.0, 4.0, 4.0, 1.0, 4.0, 5.0, 5.0, 4.0, 4.0, 4.0, 1.0, 3.0, 3.0, 3.0, 4.0, 5.0, 4.0, 3.5, 0.5, 4.0, 5.0, 3.0, 4.0, 3.0, 3.0, 4.0, 5.0, 4.0, 2.0, 5.0, 2.0, 5.0, 4.0, 3.5, 0.5, 2.5, 5.0, 3.5, 4.0, 2.0, 3.5, 2.0, 2.0, 3.0, 4.5, 1.5, 4.0, 4.5, 2.0, 3.0, 4.0, 5.0, 4.0, 1.0, 2.5, 4.0, 3.5, 5.0, 2.5, 4.0, 3.0, 5.0, 2.0, 3.0, 4.0, 0.5, 3.5, 5.0, 3.5, 5.0, 4.0, 4.0, 4.0, 5.0, 2.0, 2.5, 2.5, 5.0, 5.0, 5.0, 5.0, 5.0, 4.0, 3.5, 3.5, 2.5, 3.0, 3.5, 1.5, 2.5, 3.5, 2.0, 3.0, 1.5, 4.0, 3.5, 1.0, 4.5, 4.0, 4.0, 3.0, 4.0, 2.0, 4.0, 0.5, 5.0, 5.0, 4.0, 3.0, 4.0, 1.5, 5.0, 4.0, 4.0, 5.0, 4.0, 3.5, 4.5, 3.0, 5.0, 0.5, 5.0, 2.5, 3.0, 5.0, 4.5, 3.5, 2.5, 5.0, 3.0, 4.0, 2.5, 0.5, 5.0, 5.0, 2.0, 3.0, 5.0, 3.0, 2.0, 0.5, 4.0, 5.0, 2.5, 4.0, 3.5, 2.0, 5.0, 4.5, 4.0, 5.0, 5.0, 3.0, 4.5, 4.0, 2.5, 3.5, 3.5, 3.0, 4.0, 3.5, 3.0, 5.0, 2.5, 3.0, 2.0, 3.5, 3.0, 3.5, 3.0, 1.0, 5.0, 1.5, 1.0, 4.5, 5.0, 3.0, 3.5, 5.0, 4.0, 5.0, 5.0, 3.0, 3.0, 2.0, 1.0, 1.5, 4.5, 4.0, 5.0, 3.5, 3.5, 4.0, 3.5, 3.5, 3.5, 5.0, 4.0, 4.0, 5.0, 4.0, 4.0, 2.0, 5.0, 3.0, 4.0, 5.0, 4.0, 4.5, 5.0, 2.5, 2.0, 4.0, 4.0, 3.5, 5.0, 0.5, 4.0, 0.5, 5.0, 1.5, 4.0, 3.0, 3.5, 3.0, 5.0, 3.5, 5.0, 4.0, 5.0, 2.5, 
17482, 0.5, 5.0, 0.5, 3.5, 4.5, 5.0, 4.0, 5.0, 0.5, 4.0, 4.0, 3.0, 4.0, 4.0, 4.5, 5.0, 4.5, 4.0, 0.5, 3.0, 4.0, 5.0, 2.0, 5.0, 1.0, 4.0, 4.5, 4.0, 3.0, 5.0, 5.0, 4.5, 4.5, 5.0, 3.0, 1.5, 4.0, 
3148, 4.0, 3.0, 5.0, 2.0, 3.5, 
1102, 3.0, 4.5, 5.0, 4.0, 3.5, 4.0, 1.5, 3.0, 4.0, 5.0, 1.5, 
3151, 5.0, 4.5, 5.0, 5.0, 0.5, 3.5, 5.0, 5.0, 0.5, 5.0, 5.0, 1.5, 5.0, 1.5, 1.5, 5.0, 5.0, 4.5, 3.5, 4.0, 2.0, 0.5, 4.0, 0.5, 0.5, 4.0, 2.0, 3.5, 4.0, 3.0, 4.0, 4.0, 0.5, 0.5, 5.0, 5.0, 0.5, 1.0, 3.0, 0.5, 5.0, 5.0, 5.0, 3.5, 4.0, 5.0, 5.0, 5.0, 5.0, 3.0, 3.0, 2.5, 3.5, 3.5, 0.5, 5.0, 4.5, 5.0, 3.5, 5.0, 5.0, 5.0, 5.0, 2.5, 3.0, 3.0, 4.0, 1.5, 5.0, 4.5, 5.0, 4.0, 0.5, 4.0, 3.5, 2.0, 5.0, 4.0, 4.5, 1.5, 3.0, 3.5, 
13391, 3.5, 4.0, 4.0, 2.0, 2.5, 5.0, 1.0, 
7249, 2.0, 1.5, 3.5, 2.0, 3.0, 3.5, 2.5, 
1105, 1.0, 5.0, 0.5, 0.5, 0.5, 
9298, 3.5, 3.0, 5.0, 3.5, 4.5, 5.0, 3.0, 4.5, 1.5, 5.0, 5.0, 4.0, 5.0, 5.0, 4.5, 0.5, 5.0, 3.0, 2.5, 5.0, 4.0, 
15443, 2.0, 4.5, 2.0, 0.5, 2.0, 
1109, 4.5, 4.5, 3.0, 2.0, 5.0, 5.0, 4.5, 
3161, 4.5, 3.5, 3.0, 5.0, 4.5, 5.0, 3.5, 0.5, 2.5, 5.0, 4.0, 4.5, 5.0, 5.0, 3.5, 5.0, 3.5, 3.0, 4.5, 3.5, 5.0, 3.5, 4.0, 1.0, 2.5, 0.5, 5.0, 5.0, 3.0, 4.0, 5.0, 3.5, 4.0, 5.0, 5.0, 5.0, 
13402, 3.0, 5.0, 5.0, 4.0, 4.0, 5.0, 3.0, 
17499, 5.0, 5.0, 3.5, 5.0, 5.0, 3.5, 4.0, 2.0, 4.0, 4.0, 4.5, 5.0, 5.0, 4.0, 4.0, 3.0, 2.5, 4.5, 5.0, 3.5, 3.0, 5.0, 3.5, 5.0, 5.0, 3.0, 4.0, 5.0, 4.5, 4.0, 3.5, 4.0, 4.0, 4.0, 3.0, 
17506, 3.5, 1.0, 4.0, 4.0, 2.0, 
7267, 4.0, 4.5, 4.0, 4.5, 4.0, 
17508, 4.0, 5.0, 5.0, 5.0, 4.5, 4.0, 4.0, 2.5, 1.0, 5.0, 5.0, 5.0, 5.0, 5.0, 5.0, 5.0, 
13412, 4.0, 3.5, 2.0, 5.0, 1.5, 4.5, 4.5, 5.0, 2.5, 0.5, 5.0, 
5223, 4.0, 4.0, 4.5, 3.5, 5.0, 5.0, 4.0, 5.0, 5.0, 5.0, 
13417, 4.5, 1.0, 4.0, 4.5, 5.0, 2.5, 2.0, 5.0, 4.0, 0.5, 0.5, 1.0, 2.0, 4.0, 5.0, 1.5, 3.0, 4.0, 3.5, 2.5, 5.0, 4.0, 0.5, 0.5, 0.5, 
15465, 5.0, 2.5, 3.5, 4.0, 5.0, 
13418, 3.5, 3.0, 4.5, 4.5, 3.0, 3.0, 4.0, 3.5, 2.5, 3.0, 2.0, 3.5, 5.0, 3.0, 
5226, 4.5, 3.0, 3.5, 5.0, 4.0, 5.0, 1.0, 5.0, 
15471, 4.5, 4.0, 4.0, 4.0, 2.0, 4.5, 4.0, 5.0, 3.0, 4.0, 5.0, 4.5, 1.5, 4.0, 4.5, 3.0, 3.0, 1.5, 5.0, 5.0, 4.5, 4.0, 4.0, 3.5, 3.5, 1.0, 4.0, 3.5, 4.5, 4.0, 4.0, 2.5, 1.5, 
9329, 5.0, 5.0, 0.5, 4.5, 2.5, 4.0, 4.0, 4.5, 2.0, 5.0, 5.0, 4.5, 1.0, 
15473, 3.5, 3.0, 
1138, 5.0, 5.0, 2.0, 4.0, 2.5, 3.5, 3.0, 2.5, 4.0, 1.0, 3.0, 4.5, 2.5, 5.0, 4.0, 5.0, 4.5, 2.0, 3.0, 3.5, 5.0, 5.0, 5.0, 1.5, 4.0, 4.0, 3.5, 0.5, 5.0, 2.5, 0.5, 
15474, 5.0, 1.5, 4.0, 4.5, 
17526, 3.0, 3.5, 5.0, 5.0, 5.0, 
5239, 4.0, 3.5, 2.0, 4.0, 3.0, 3.0, 4.5, 4.5, 5.0, 2.0, 3.5, 5.0, 3.0, 3.0, 4.0, 2.5, 5.0, 3.0, 3.5, 3.0, 3.0, 5.0, 3.0, 3.0, 4.0, 3.0, 3.5, 5.0, 3.0, 3.0, 3.5, 3.0, 3.5, 1.5, 5.0, 3.0, 2.0, 3.0, 5.0, 5.0, 5.0, 3.0, 3.5, 5.0, 4.0, 2.0, 3.0, 2.5, 4.5, 5.0, 4.0, 5.0, 5.0, 5.0, 5.0, 4.5, 4.5, 3.0, 3.0, 4.0, 5.0, 4.0, 4.0, 5.0, 3.5, 2.0, 5.0, 5.0, 4.0, 4.0, 4.5, 2.0, 1.0, 1.5, 2.0, 0.5, 5.0, 5.0, 4.0, 3.0, 4.5, 3.0, 4.5, 2.5, 3.0, 3.0, 4.5, 4.5, 2.5, 4.0, 4.5, 3.5, 4.5, 4.5, 3.0, 3.0, 3.0, 5.0, 2.5, 3.0, 2.5, 3.0, 3.0, 3.0, 4.5, 5.0, 5.0, 3.0, 3.0, 4.0, 5.0, 3.5, 3.5, 4.0, 2.5, 4.0, 3.5, 4.0, 5.0, 5.0, 4.0, 5.0, 3.0, 5.0, 5.0, 3.5, 5.0, 3.5, 1.5, 1.5, 5.0, 4.0, 3.0, 5.0, 4.5, 3.0, 2.5, 3.5, 5.0, 3.0, 3.5, 4.0, 4.0, 4.0, 4.0, 5.0, 4.5, 3.5, 2.5, 3.0, 5.0, 3.5, 3.0, 3.0, 4.5, 2.0, 2.5, 3.0, 3.0, 4.5, 5.0, 4.0, 3.5, 3.5, 3.0, 4.5, 4.5, 1.5, 2.5, 3.0, 4.0, 3.0, 4.5, 3.5, 0.5, 5.0, 2.0, 3.0, 3.0, 3.5, 0.5, 4.0, 2.5, 4.5, 5.0, 4.0, 3.0, 4.0, 3.0, 4.5, 5.0, 3.0, 4.0, 5.0, 5.0, 2.0, 4.5, 5.0, 3.0, 5.0, 2.5, 5.0, 4.0, 4.0, 4.0, 4.0, 1.5, 1.5, 1.0, 4.5, 5.0, 4.0, 3.5, 3.0, 2.5, 3.0, 2.5, 3.0, 1.5, 4.5, 5.0, 3.0, 3.0, 3.0, 5.0, 1.0, 4.0, 3.0, 4.5, 3.0, 5.0, 3.0, 4.5, 3.0, 4.0, 5.0, 3.0, 4.5, 4.0, 3.0, 4.0, 1.5, 3.5, 3.0, 5.0, 1.5, 4.0, 3.5, 5.0, 4.0, 3.5, 3.5, 3.5, 5.0, 2.5, 3.5, 5.0, 3.5, 2.5, 5.0, 2.5, 5.0, 3.0, 4.0, 3.0, 3.0, 3.0, 3.5, 4.0, 4.0, 4.0, 4.0, 4.0, 3.5, 3.5, 5.0, 3.5, 2.0, 3.0, 3.0, 4.5, 1.0, 1.5, 3.0, 3.0, 2.0, 2.5, 3.5, 2.5, 4.5, 1.5, 5.0, 3.0, 3.0, 4.0, 5.0, 5.0, 3.0, 0.5, 5.0, 3.0, 5.0, 4.0, 4.0, 4.0, 3.5, 3.0, 5.0, 4.0, 5.0, 5.0, 
1144, 3.5, 5.0, 4.5, 2.0, 4.5, 
1145, 0.5, 5.0, 3.0, 2.0, 5.0, 2.5, 3.0, 3.0, 3.5, 5.0, 3.0, 4.5, 2.0, 5.0, 4.0, 5.0, 2.0, 2.5, 3.5, 1.0, 1.0, 5.0, 3.0, 0.5, 4.0, 4.0, 4.0, 4.0, 1.0, 4.5, 1.5, 5.0, 3.0, 
13433, 3.0, 4.5, 4.5, 1.5, 4.0, 3.0, 
3195, 4.5, 2.5, 5.0, 3.0, 5.0, 4.5, 4.0, 5.0, 4.0, 3.0, 4.0, 5.0, 4.0, 3.5, 2.0, 0.5, 4.0, 5.0, 3.0, 4.5, 4.5, 3.5, 0.5, 4.5, 3.5, 4.5, 5.0, 3.5, 4.0, 5.0, 2.5, 5.0, 5.0, 4.5, 4.0, 5.0, 5.0, 3.5, 5.0, 5.0, 4.5, 4.0, 5.0, 4.0, 5.0, 4.5, 5.0, 4.5, 5.0, 3.5, 1.0, 1.0, 
5243, 3.0, 2.0, 3.5, 5.0, 
9340, 0.5, 0.5, 3.5, 4.0, 1.0, 2.5, 3.0, 3.0, 5.0, 4.5, 4.5, 4.0, 4.0, 2.0, 5.0, 4.0, 4.0, 4.5, 4.0, 2.5, 2.5, 4.0, 4.5, 4.0, 2.0, 4.5, 4.5, 5.0, 3.5, 0.5, 4.0, 5.0, 4.0, 4.0, 1.0, 3.5, 1.5, 4.0, 3.0, 5.0, 4.0, 4.5, 0.5, 3.0, 
3197, 3.5, 4.0, 4.0, 1.0, 4.0, 
7294, 4.0, 4.0, 5.0, 3.0, 5.0, 
3198, 0.5, 5.0, 4.0, 3.5, 4.0, 4.5, 5.0, 4.5, 
13439, 4.0, 4.0, 5.0, 4.0, 4.0, 5.0, 3.5, 
17541, 4.5, 3.5, 2.5, 
11398, 4.0, 4.5, 4.5, 4.0, 5.0, 5.0, 5.0, 4.0, 4.0, 4.5, 5.0, 5.0, 4.0, 4.0, 
15496, 5.0, 4.0, 4.0, 4.0, 3.5, 
3210, 5.0, 5.0, 4.5, 
1174, 4.5, 4.0, 4.0, 5.0, 5.0, 4.5, 3.0, 
17560, 4.0, 5.0, 5.0, 3.5, 3.0, 4.0, 2.0, 3.0, 5.0, 3.0, 4.0, 4.0, 2.5, 3.0, 4.5, 0.5, 4.0, 3.0, 4.5, 5.0, 5.0, 3.0, 4.0, 4.0, 3.5, 3.0, 4.0, 4.0, 5.0, 5.0, 2.5, 4.0, 2.5, 2.0, 5.0, 2.0, 3.0, 5.0, 3.0, 3.5, 5.0, 5.0, 3.5, 5.0, 
9368, 4.0, 5.0, 5.0, 3.5, 3.0, 4.5, 4.0, 
1176, 3.5, 4.5, 4.0, 
3225, 5.0, 2.0, 0.5, 5.0, 1.5, 5.0, 3.0, 4.0, 
1180, 5.0, 4.5, 3.0, 5.0, 4.5, 2.0, 4.0, 3.0, 4.0, 1.5, 4.5, 1.5, 2.5, 4.5, 2.0, 4.0, 1.5, 4.5, 4.5, 4.0, 4.0, 4.5, 5.0, 5.0, 
17565, 4.0, 3.0, 3.0, 4.0, 
11421, 5.0, 4.0, 3.5, 4.5, 3.5, 4.0, 
13471, 3.0, 3.0, 3.0, 5.0, 
7331, 2.5, 4.0, 2.0, 5.0, 3.5, 2.5, 2.5, 5.0, 3.5, 3.5, 4.0, 5.0, 5.0, 5.0, 4.5, 4.0, 4.0, 4.5, 4.0, 4.0, 5.0, 4.5, 4.0, 5.0, 5.0, 3.0, 5.0, 5.0, 4.0, 2.0, 4.0, 5.0, 3.5, 5.0, 
9381, 4.5, 4.5, 5.0, 4.0, 5.0, 5.0, 5.0, 4.0, 
3239, 2.0, 3.5, 1.0, 5.0, 3.0, 3.0, 4.0, 4.5, 5.0, 5.0, 5.0, 3.0, 3.0, 4.0, 4.0, 3.5, 3.5, 5.0, 3.5, 2.5, 4.0, 4.5, 1.5, 3.5, 5.0, 3.5, 4.5, 3.5, 2.5, 3.5, 2.5, 4.0, 4.0, 3.5, 3.5, 2.5, 4.0, 2.0, 3.5, 4.0, 2.0, 5.0, 2.0, 2.5, 5.0, 4.0, 3.5, 5.0, 
15532, 2.5, 5.0, 3.0, 1.5, 4.5, 5.0, 0.5, 3.0, 3.0, 5.0, 4.5, 2.0, 4.5, 4.0, 4.0, 5.0, 1.0, 5.0, 4.5, 4.0, 4.5, 
13488, 2.5, 4.0, 2.5, 3.5, 2.5, 2.0, 4.5, 2.0, 3.5, 5.0, 1.5, 2.0, 3.0, 5.0, 5.0, 5.0, 3.0, 5.0, 1.0, 4.5, 3.0, 4.0, 4.5, 3.5, 
1200, 4.0, 4.0, 0.5, 3.0, 
11443, 2.5, 4.0, 3.0, 4.0, 3.5, 3.0, 3.5, 3.0, 4.0, 4.0, 4.5, 0.5, 5.0, 4.0, 5.0, 1.5, 3.5, 4.5, 5.0, 3.5, 4.0, 0.5, 3.0, 3.5, 4.5, 4.5, 3.0, 3.0, 4.0, 5.0, 3.5, 4.0, 4.0, 4.0, 3.5, 4.0, 1.0, 5.0, 5.0, 3.0, 4.0, 5.0, 4.0, 2.0, 3.5, 5.0, 4.5, 4.0, 5.0, 3.0, 2.0, 3.0, 5.0, 5.0, 4.0, 1.5, 4.0, 1.0, 5.0, 3.5, 4.5, 4.0, 3.5, 3.5, 3.0, 5.0, 4.0, 3.0, 4.0, 5.0, 1.5, 5.0, 4.0, 5.0, 2.5, 5.0, 3.0, 
3254, 4.0, 2.5, 3.0, 0.5, 2.5, 0.5, 0.5, 4.5, 4.0, 0.5, 5.0, 2.5, 3.5, 2.0, 3.5, 1.0, 5.0, 2.5, 3.0, 3.5, 0.5, 3.5, 1.5, 5.0, 4.0, 2.5, 1.5, 1.5, 
11446, 5.0, 3.5, 4.5, 5.0, 5.0, 
15545, 4.5, 3.0, 5.0, 1.5, 5.0, 4.5, 3.5, 
11451, 4.0, 3.5, 2.5, 
7356, 4.5, 3.5, 4.0, 4.0, 2.5, 4.0, 4.5, 3.0, 3.5, 
5309, 3.5, 2.0, 3.0, 3.5, 3.0, 5.0, 5.0, 5.0, 4.0, 2.0, 4.5, 3.5, 2.5, 3.5, 5.0, 3.5, 5.0, 5.0, 5.0, 3.0, 4.5, 5.0, 1.5, 4.0, 5.0, 4.0, 4.0, 4.0, 
13501, 5.0, 4.0, 4.0, 3.5, 2.0, 5.0, 3.5, 4.0, 4.0, 4.5, 2.0, 4.0, 5.0, 5.0, 3.5, 5.0, 
5315, 4.0, 2.0, 4.5, 5.0, 1.0, 5.0, 4.0, 4.0, 3.5, 4.0, 4.0, 3.5, 5.0, 4.0, 5.0, 4.0, 0.5, 
1220, 4.5, 4.0, 4.5, 4.0, 4.0, 3.5, 4.0, 5.0, 4.0, 3.0, 5.0, 3.5, 4.0, 4.0, 4.0, 5.0, 5.0, 5.0, 4.5, 4.0, 5.0, 4.0, 4.5, 4.5, 4.5, 5.0, 3.0, 4.0, 5.0, 4.0, 
5317, 5.0, 0.5, 3.0, 3.5, 4.0, 2.0, 4.0, 4.0, 5.0, 1.5, 3.0, 4.0, 3.5, 5.0, 4.5, 4.0, 1.5, 4.5, 3.0, 2.0, 5.0, 3.5, 5.0, 4.0, 4.5, 4.0, 5.0, 4.0, 5.0, 4.5, 4.0, 5.0, 3.5, 3.5, 4.0, 5.0, 5.0, 4.0, 4.5, 1.5, 4.5, 5.0, 5.0, 3.0, 4.0, 2.0, 4.5, 2.5, 4.5, 4.0, 5.0, 3.0, 3.0, 2.5, 3.0, 3.0, 5.0, 
5318, 4.0, 4.5, 4.0, 5.0, 5.0, 4.0, 5.0, 5.0, 4.0, 
9415, 4.5, 5.0, 4.0, 5.0, 5.0, 4.0, 3.0, 3.0, 4.5, 4.0, 3.0, 0.5, 2.5, 5.0, 4.0, 5.0, 2.5, 4.0, 4.5, 5.0, 5.0, 0.5, 3.0, 4.5, 1.0, 
13511, 5.0, 5.0, 4.5, 3.5, 
13512, 3.5, 2.5, 4.5, 
3274, 3.5, 5.0, 5.0, 4.5, 5.0, 
15563, 5.0, 2.0, 3.5, 3.0, 4.0, 5.0, 4.0, 
11468, 4.5, 5.0, 4.5, 3.0, 4.5, 5.0, 3.0, 2.5, 4.0, 
5327, 2.0, 5.0, 3.5, 3.0, 2.5, 4.0, 4.0, 2.0, 3.0, 3.5, 5.0, 1.5, 1.0, 5.0, 
9426, 4.0, 5.0, 5.0, 4.5, 5.0, 4.5, 5.0, 5.0, 3.5, 0.5, 3.0, 4.0, 
3282, 0.5, 5.0, 4.0, 
13524, 4.0, 3.0, 4.0, 4.0, 5.0, 5.0, 4.5, 3.0, 3.5, 3.5, 4.5, 5.0, 5.0, 
7381, 1.5, 5.0, 3.0, 2.5, 3.5, 0.5, 3.0, 3.0, 5.0, 5.0, 3.5, 3.5, 2.0, 1.5, 4.5, 0.5, 4.0, 3.0, 3.0, 3.0, 5.0, 3.5, 3.5, 3.5, 5.0, 3.5, 2.5, 4.5, 5.0, 0.5, 5.0, 3.5, 4.0, 3.5, 3.5, 3.5, 5.0, 
5333, 4.5, 5.0, 3.5, 3.5, 2.5, 4.5, 5.0, 3.5, 3.0, 2.5, 1.5, 5.0, 0.5, 
17621, 5.0, 4.0, 3.5, 3.0, 3.5, 
3285, 3.0, 5.0, 2.0, 2.5, 4.0, 
17622, 3.5, 1.0, 3.5, 1.0, 4.5, 4.0, 1.5, 1.5, 4.0, 5.0, 3.5, 
3287, 3.0, 3.5, 4.5, 2.0, 1.0, 3.0, 5.0, 3.5, 2.5, 1.0, 3.0, 3.0, 5.0, 1.5, 0.5, 3.0, 2.0, 4.0, 4.0, 4.0, 3.5, 4.0, 4.0, 4.5, 3.5, 3.5, 
17624, 5.0, 4.5, 3.0, 4.0, 4.0, 
3290, 5.0, 5.0, 5.0, 4.0, 4.0, 5.0, 4.5, 5.0, 4.0, 3.5, 5.0, 4.5, 5.0, 4.0, 5.0, 5.0, 
9438, 5.0, 2.5, 3.5, 4.5, 5.0, 2.0, 
15582, 4.0, 4.5, 4.5, 5.0, 4.0, 3.0, 4.5, 4.0, 2.5, 4.5, 5.0, 5.0, 5.0, 2.5, 4.0, 5.0, 3.5, 2.0, 3.0, 5.0, 4.0, 4.5, 5.0, 4.0, 4.0, 3.5, 3.5, 4.0, 4.0, 3.0, 3.0, 4.0, 2.5, 4.5, 
5345, 5.0, 1.0, 3.0, 1.0, 3.5, 2.5, 3.0, 5.0, 3.0, 5.0, 4.0, 1.5, 3.0, 4.5, 3.0, 3.0, 3.0, 3.5, 3.5, 4.0, 4.0, 3.5, 2.5, 2.5, 2.0, 5.0, 0.5, 5.0, 5.0, 4.0, 2.0, 2.5, 1.5, 5.0, 2.0, 0.5, 5.0, 3.0, 3.5, 4.0, 5.0, 3.5, 2.5, 
11490, 5.0, 3.5, 5.0, 4.5, 4.0, 4.5, 3.0, 
9442, 4.0, 4.5, 2.0, 3.5, 5.0, 4.5, 0.5, 5.0, 3.5, 5.0, 3.5, 3.0, 
7397, 5.0, 5.0, 4.0, 3.5, 5.0, 2.5, 4.0, 5.0, 4.0, 2.5, 5.0, 4.0, 4.0, 2.5, 5.0, 4.5, 1.0, 2.5, 4.0, 4.5, 3.5, 5.0, 3.5, 4.0, 2.5, 5.0, 5.0, 5.0, 5.0, 3.5, 3.0, 5.0, 4.5, 4.5, 4.5, 3.0, 4.0, 4.5, 5.0, 3.0, 2.5, 3.5, 3.5, 5.0, 2.0, 5.0, 5.0, 5.0, 5.0, 4.0, 4.0, 5.0, 3.0, 4.5, 4.0, 5.0, 3.5, 1.0, 4.0, 5.0, 4.5, 3.5, 4.5, 3.5, 4.0, 3.5, 2.5, 3.0, 
1255, 5.0, 4.0, 5.0, 5.0, 2.5, 
5363, 5.0, 4.0, 3.5, 3.5, 3.0, 5.0, 4.5, 5.0, 1.0, 3.5, 4.0, 3.0, 5.0, 4.0, 5.0, 4.0, 5.0, 4.0, 
1267, 5.0, 4.0, 4.0, 3.0, 0.5, 3.5, 3.0, 5.0, 0.5, 4.5, 3.0, 2.5, 2.0, 4.5, 2.0, 3.0, 3.0, 3.5, 
9463, 3.5, 3.5, 4.0, 3.5, 
3320, 5.0, 1.0, 4.5, 4.0, 3.0, 2.0, 3.5, 2.5, 3.0, 4.5, 1.5, 3.0, 3.0, 1.5, 3.0, 3.5, 3.5, 2.5, 2.5, 3.5, 3.0, 4.0, 3.0, 5.0, 1.0, 3.0, 1.0, 4.0, 4.0, 3.5, 3.0, 2.5, 5.0, 3.5, 5.0, 1.0, 4.0, 3.5, 0.5, 3.5, 3.5, 4.0, 3.5, 2.0, 3.0, 3.5, 4.0, 3.0, 5.0, 3.0, 3.0, 4.5, 4.0, 2.0, 3.0, 3.5, 3.5, 3.0, 3.5, 4.0, 4.0, 4.0, 3.5, 3.0, 3.5, 3.0, 3.5, 2.0, 3.0, 3.0, 3.0, 3.0, 0.5, 3.0, 4.5, 4.0, 4.5, 2.5, 2.0, 4.0, 4.0, 1.0, 5.0, 1.0, 3.0, 1.0, 3.0, 3.0, 3.5, 3.5, 4.0, 3.0, 4.5, 5.0, 2.0, 3.0, 4.0, 0.5, 2.0, 1.0, 3.5, 3.0, 4.0, 1.0, 5.0, 5.0, 2.5, 5.0, 2.5, 2.5, 4.0, 3.0, 3.0, 4.0, 4.0, 0.5, 4.0, 3.0, 3.0, 2.0, 3.5, 3.0, 5.0, 3.0, 3.5, 3.5, 0.5, 0.5, 4.0, 4.0, 3.0, 3.0, 1.5, 2.0, 5.0, 4.0, 3.0, 2.0, 3.0, 4.0, 3.5, 0.5, 4.0, 1.5, 4.0, 3.5, 3.0, 2.5, 5.0, 4.0, 5.0, 4.0, 2.5, 4.0, 4.0, 1.0, 2.5, 3.5, 4.0, 4.0, 4.0, 4.0, 4.5, 1.0, 3.5, 3.0, 2.5, 0.5, 3.0, 3.0, 5.0, 4.0, 3.5, 4.0, 5.0, 3.0, 5.0, 3.5, 5.0, 5.0, 3.0, 4.0, 4.0, 5.0, 1.5, 3.5, 3.5, 1.5, 3.0, 1.0, 3.5, 4.0, 2.5, 5.0, 2.0, 3.5, 5.0, 5.0, 1.5, 4.0, 4.0, 4.0, 0.5, 3.0, 4.5, 4.5, 2.0, 2.0, 3.0, 3.0, 0.5, 5.0, 3.0, 3.0, 3.5, 1.0, 4.5, 3.0, 3.5, 
7416, 5.0, 5.0, 5.0, 5.0, 5.0, 4.5, 2.5, 5.0, 4.0, 5.0, 0.5, 4.5, 5.0, 4.0, 5.0, 4.0, 5.0, 3.0, 4.0, 4.5, 4.5, 2.0, 
13565, 4.5, 5.0, 4.0, 5.0, 3.5, 4.5, 5.0, 3.5, 4.5, 
3326, 5.0, 2.0, 4.0, 0.5, 1.5, 2.5, 
13567, 5.0, 4.5, 4.0, 4.0, 4.0, 5.0, 4.0, 4.0, 4.5, 4.0, 
3333, 3.5, 1.5, 4.0, 3.0, 5.0, 4.5, 2.0, 3.0, 2.5, 4.0, 3.0, 2.5, 0.5, 5.0, 5.0, 3.5, 3.5, 3.5, 3.5, 0.5, 3.0, 0.5, 3.0, 1.0, 3.5, 1.0, 2.0, 2.5, 3.5, 2.5, 2.0, 2.0, 5.0, 3.0, 3.5, 4.0, 3.0, 3.0, 3.5, 4.0, 
11525, 1.5, 3.5, 4.5, 4.0, 5.0, 3.0, 2.5, 
1289, 3.0, 5.0, 5.0, 5.0, 3.5, 
13580, 4.0, 4.5, 4.0, 4.0, 4.5, 4.0, 2.0, 
13582, 0.5, 1.5, 5.0, 3.5, 5.0, 3.0, 0.5, 3.5, 3.0, 5.0, 2.5, 4.5, 5.0, 5.0, 4.0, 4.0, 3.0, 4.0, 4.0, 4.0, 2.0, 5.0, 4.0, 4.0, 4.0, 1.5, 1.0, 
3347, 5.0, 5.0, 3.0, 5.0, 4.0, 3.5, 3.5, 5.0, 5.0, 5.0, 4.5, 2.5, 2.0, 5.0, 5.0, 3.5, 4.5, 5.0, 4.5, 5.0, 5.0, 3.0, 
5401, 5.0, 5.0, 4.0, 1.0, 4.0, 3.0, 5.0, 4.0, 4.0, 4.0, 4.5, 5.0, 5.0, 3.0, 3.0, 3.5, 4.0, 4.0, 2.5, 4.5, 4.0, 3.0, 4.5, 5.0, 4.5, 4.0, 2.0, 3.5, 5.0, 4.5, 5.0, 5.0, 3.0, 4.0, 4.5, 3.5, 5.0, 4.0, 4.5, 5.0, 4.5, 4.0, 4.5, 3.5, 1.5, 4.5, 5.0, 4.0, 5.0, 4.0, 4.0, 4.5, 2.0, 3.5, 5.0, 
1305, 3.5, 3.5, 5.0, 5.0, 3.5, 5.0, 5.0, 3.0, 5.0, 4.0, 4.5, 
13593, 4.0, 5.0, 3.5, 3.5, 5.0, 5.0, 5.0, 2.5, 5.0, 1.5, 4.0, 4.0, 5.0, 5.0, 
1307, 1.0, 4.5, 3.5, 3.5, 4.0, 3.5, 5.0, 3.0, 
17692, 1.0, 4.0, 5.0, 5.0, 4.0, 4.0, 3.0, 0.5, 5.0, 2.5, 5.0, 2.0, 1.0, 5.0, 5.0, 3.5, 4.0, 1.0, 2.5, 4.0, 4.0, 2.5, 
5408, 4.5, 5.0, 4.0, 3.5, 
17697, 4.5, 0.5, 3.0, 3.0, 4.0, 3.5, 
3364, 2.0, 3.0, 0.5, 4.0, 1.0, 5.0, 2.0, 5.0, 5.0, 5.0, 2.0, 4.0, 3.5, 2.0, 4.0, 4.5, 3.0, 2.5, 4.5, 4.0, 4.0, 5.0, 4.0, 5.0, 4.0, 5.0, 1.5, 3.0, 5.0, 5.0, 3.5, 1.0, 2.0, 3.0, 3.0, 1.5, 5.0, 1.5, 5.0, 4.0, 3.0, 0.5, 4.0, 4.0, 
9509, 4.0, 5.0, 3.0, 4.5, 4.0, 
17703, 5.0, 1.5, 3.0, 4.5, 1.0, 2.5, 0.5, 4.0, 2.5, 2.0, 5.0, 1.5, 0.5, 4.0, 4.5, 2.0, 2.0, 4.0, 3.5, 4.0, 3.5, 2.5, 4.0, 3.0, 4.0, 1.5, 4.0, 0.5, 
3368, 4.5, 5.0, 2.5, 4.5, 5.0, 3.5, 2.5, 
13610, 3.5, 3.0, 4.5, 2.5, 3.0, 2.0, 4.5, 3.5, 4.0, 4.0, 4.0, 3.5, 5.0, 4.5, 3.0, 3.5, 4.0, 2.0, 3.0, 4.0, 3.0, 4.0, 5.0, 3.0, 5.0, 2.0, 3.0, 3.5, 5.0, 5.0, 4.0, 3.5, 3.5, 4.0, 4.0, 4.0, 5.0, 0.5, 4.0, 2.5, 4.0, 4.0, 3.0, 3.0, 3.0, 3.0, 2.5, 4.0, 4.0, 2.0, 3.5, 3.5, 4.5, 3.0, 4.5, 3.0, 4.0, 0.5, 4.0, 4.5, 4.0, 3.0, 2.0, 5.0, 2.0, 2.0, 4.5, 3.0, 4.0, 3.5, 5.0, 4.0, 3.0, 1.0, 5.0, 3.5, 5.0, 5.0, 3.0, 3.0, 4.5, 3.0, 4.0, 4.0, 5.0, 5.0, 2.0, 4.0, 5.0, 3.5, 2.5, 4.5, 3.0, 3.5, 4.0, 5.0, 4.0, 1.5, 2.0, 1.0, 4.0, 4.0, 1.5, 3.5, 4.0, 2.0, 4.0, 2.5, 4.0, 5.0, 3.5, 2.5, 4.0, 4.0, 2.0, 4.0, 3.5, 0.5, 5.0, 4.0, 3.5, 3.0, 1.5, 3.5, 3.0, 4.5, 1.0, 2.0, 3.0, 4.0, 4.0, 3.0, 2.5, 5.0, 1.5, 2.0, 1.0, 4.0, 3.5, 3.0, 4.0, 3.5, 3.5, 3.5, 4.0, 4.0, 2.0, 2.5, 3.0, 2.5, 4.0, 4.0, 4.0, 3.0, 5.0, 4.0, 5.0, 3.0, 3.5, 3.5, 5.0, 4.0, 2.0, 3.5, 3.5, 2.0, 3.0, 4.5, 4.0, 3.5, 3.0, 3.5, 4.0, 3.0, 3.5, 3.0, 2.5, 5.0, 4.0, 3.0, 3.0, 4.0, 4.0, 4.0, 4.0, 3.0, 5.0, 5.0, 4.0, 4.0, 3.5, 4.5, 3.5, 4.0, 4.0, 3.5, 5.0, 5.0, 2.0, 4.0, 3.0, 4.0, 1.0, 3.0, 4.0, 1.5, 5.0, 3.0, 4.0, 3.0, 4.0, 2.5, 2.5, 5.0, 3.5, 3.5, 0.5, 3.0, 5.0, 3.0, 2.0, 5.0, 5.0, 3.0, 4.5, 3.0, 4.0, 3.5, 2.5, 4.0, 5.0, 1.5, 2.5, 4.0, 4.0, 2.0, 5.0, 3.5, 4.0, 5.0, 2.5, 3.5, 4.0, 1.0, 2.0, 2.5, 3.0, 4.0, 4.0, 3.0, 3.0, 1.0, 3.0, 5.0, 3.5, 3.0, 4.0, 5.0, 3.5, 4.5, 2.0, 2.0, 5.0, 3.0, 3.0, 4.0, 3.5, 2.5, 4.0, 5.0, 3.5, 3.0, 5.0, 5.0, 3.5, 3.5, 4.0, 5.0, 1.0, 5.0, 4.0, 5.0, 3.0, 3.5, 3.5, 4.0, 4.5, 3.0, 3.0, 3.0, 2.0, 4.0, 3.5, 5.0, 3.5, 1.5, 4.0, 3.0, 5.0, 5.0, 3.5, 3.0, 5.0, 2.5, 5.0, 4.0, 3.5, 4.5, 3.0, 4.0, 2.0, 1.5, 3.0, 2.0, 0.5, 1.5, 4.0, 2.5, 5.0, 5.0, 3.5, 3.5, 4.0, 1.5, 3.0, 3.0, 1.0, 3.0, 4.0, 4.5, 4.5, 1.0, 4.0, 5.0, 4.0, 5.0, 3.5, 3.0, 4.0, 4.0, 3.0, 4.0, 3.0, 4.5, 3.0, 4.5, 3.0, 3.5, 4.0, 3.0, 3.0, 0.5, 5.0, 3.5, 4.5, 4.0, 4.0, 5.0, 3.5, 3.5, 3.0, 1.5, 0.5, 4.0, 2.0, 2.0, 4.0, 5.0, 2.5, 4.0, 3.0, 3.5, 4.0, 4.5, 2.0, 3.5, 4.5, 4.0, 5.0, 4.0, 4.5, 4.0, 5.0, 1.5, 4.5, 5.0, 0.5, 2.5, 5.0, 4.5, 1.0, 4.0, 3.0, 2.0, 5.0, 0.5, 2.0, 4.0, 3.0, 3.0, 3.5, 3.0, 2.5, 3.0, 3.0, 5.0, 5.0, 0.5, 4.0, 5.0, 2.0, 3.5, 5.0, 3.0, 5.0, 4.5, 3.0, 4.0, 4.5, 3.5, 3.5, 4.0, 3.0, 3.0, 4.0, 4.0, 4.0, 2.0, 1.5, 3.0, 3.5, 4.0, 4.0, 3.0, 4.0, 5.0, 4.0, 3.0, 5.0, 4.5, 3.0, 4.0, 5.0, 1.5, 3.5, 3.0, 4.0, 3.0, 4.5, 3.0, 2.0, 3.5, 4.0, 3.0, 4.0, 4.0, 3.0, 3.0, 2.0, 4.0, 3.0, 2.5, 5.0, 4.0, 1.0, 3.5, 4.5, 5.0, 4.0, 3.0, 4.5, 3.0, 3.0, 4.0, 3.0, 3.5, 5.0, 2.0, 4.0, 4.0, 2.5, 3.5, 3.5, 2.0, 4.0, 2.5, 4.5, 5.0, 3.5, 5.0, 4.0, 1.5, 4.0, 3.0, 2.5, 4.0, 4.5, 2.5, 2.0, 1.0, 4.0, 2.0, 4.0, 4.5, 3.5, 5.0, 3.0, 3.5, 4.0, 3.0, 2.5, 5.0, 1.0, 2.0, 3.0, 1.0, 4.0, 5.0, 3.0, 3.5, 5.0, 1.0, 3.5, 3.0, 4.0, 4.5, 3.5, 3.5, 2.0, 3.5, 4.0, 
1324, 4.0, 4.0, 4.5, 3.5, 4.0, 5.0, 4.5, 4.0, 5.0, 5.0, 3.5, 3.5, 4.0, 5.0, 4.5, 5.0, 4.5, 4.0, 5.0, 5.0, 5.0, 5.0, 
9518, 0.5, 5.0, 2.0, 0.5, 2.0, 
13614, 4.5, 4.5, 4.5, 5.0, 5.0, 3.0, 4.0, 4.0, 
17714, 2.5, 5.0, 5.0, 3.5, 4.0, 4.5, 4.0, 1.0, 5.0, 3.5, 5.0, 4.0, 3.0, 4.0, 5.0, 3.0, 4.0, 4.0, 3.5, 5.0, 5.0, 3.0, 3.0, 4.5, 5.0, 0.5, 4.5, 3.0, 4.0, 5.0, 4.0, 5.0, 5.0, 0.5, 5.0, 2.5, 3.5, 5.0, 3.0, 4.5, 4.0, 0.5, 4.0, 0.5, 5.0, 4.0, 4.0, 5.0, 3.0, 4.0, 4.5, 4.5, 5.0, 3.5, 5.0, 
11573, 4.5, 2.0, 4.0, 
5430, 4.0, 3.0, 3.0, 5.0, 3.0, 3.0, 
9528, 5.0, 5.0, 5.0, 4.5, 5.0, 3.0, 
3385, 1.0, 4.0, 4.5, 5.0, 2.5, 5.0, 3.5, 3.0, 3.0, 4.5, 4.5, 0.5, 0.5, 1.5, 4.5, 4.0, 0.5, 1.5, 3.5, 5.0, 4.5, 3.0, 3.5, 2.5, 2.0, 4.0, 3.0, 4.0, 4.0, 5.0, 5.0, 4.0, 4.5, 5.0, 1.5, 4.0, 3.5, 3.5, 4.0, 0.5, 4.5, 0.5, 4.0, 5.0, 4.0, 
13629, 3.0, 3.5, 3.0, 5.0, 4.0, 2.5, 1.5, 0.5, 5.0, 4.0, 5.0, 2.5, 0.5, 4.5, 4.0, 4.0, 4.5, 5.0, 4.0, 3.5, 2.5, 5.0, 3.5, 2.0, 4.0, 3.0, 3.0, 5.0, 2.0, 3.5, 1.0, 4.0, 3.0, 4.0, 1.0, 4.0, 2.5, 4.0, 4.5, 
13636, 3.5, 4.5, 4.0, 3.5, 
13638, 1.0, 0.5, 1.5, 
9543, 2.0, 5.0, 4.5, 3.5, 3.0, 
5448, 3.5, 5.0, 5.0, 0.5, 2.0, 4.0, 3.0, 2.5, 3.0, 3.0, 4.0, 3.5, 3.5, 5.0, 4.5, 5.0, 3.0, 5.0, 3.0, 4.0, 5.0, 5.0, 4.0, 4.0, 2.5, 5.0, 3.5, 5.0, 3.5, 
7499, 5.0, 1.0, 3.0, 0.5, 4.5, 4.5, 4.0, 3.5, 4.5, 3.5, 4.0, 4.5, 4.0, 3.0, 2.5, 5.0, 3.5, 3.5, 4.5, 3.5, 4.0, 5.0, 2.5, 1.0, 3.0, 3.5, 5.0, 3.0, 3.0, 5.0, 5.0, 4.0, 2.0, 5.0, 5.0, 4.5, 2.5, 4.0, 4.0, 4.0, 4.0, 1.0, 4.0, 3.5, 4.5, 5.0, 4.0, 4.0, 3.5, 3.5, 
11596, 1.0, 4.0, 5.0, 2.0, 3.5, 4.0, 2.5, 4.0, 5.0, 1.5, 2.0, 3.5, 4.5, 
13651, 4.0, 0.5, 3.5, 3.5, 4.0, 3.0, 5.0, 3.0, 0.5, 3.0, 3.5, 4.0, 3.5, 3.5, 4.0, 1.5, 
15700, 1.5, 3.5, 4.5, 5.0, 4.0, 5.0, 5.0, 2.0, 5.0, 5.0, 3.0, 3.5, 5.0, 3.5, 3.0, 3.0, 5.0, 2.5, 4.5, 5.0, 5.0, 4.0, 3.5, 4.0, 3.0, 2.0, 4.5, 0.5, 
7509, 3.5, 0.5, 4.0, 3.5, 4.5, 2.5, 3.5, 1.0, 3.0, 0.5, 0.5, 1.5, 2.5, 4.5, 5.0, 4.0, 1.0, 4.5, 4.0, 1.5, 5.0, 4.5, 3.5, 
3414, 2.5, 5.0, 4.0, 3.0, 5.0, 3.5, 3.5, 1.5, 3.0, 3.5, 4.5, 4.5, 2.0, 4.0, 4.0, 1.5, 4.0, 0.5, 3.0, 3.5, 2.5, 5.0, 3.5, 5.0, 5.0, 2.5, 4.5, 5.0, 2.5, 4.0, 5.0, 3.5, 2.0, 3.0, 3.0, 
11607, 3.5, 4.5, 5.0, 5.0, 5.0, 5.0, 5.0, 5.0, 5.0, 5.0, 4.0, 4.5, 5.0, 5.0, 5.0, 4.5, 3.5, 
7511, 2.5, 5.0, 5.0, 3.5, 4.5, 5.0, 4.5, 3.0, 2.5, 5.0, 4.5, 3.0, 4.5, 4.0, 4.0, 5.0, 3.5, 4.5, 5.0, 4.5, 4.0, 4.0, 4.0, 4.0, 5.0, 3.5, 4.0, 4.0, 
3418, 3.5, 4.0, 4.0, 5.0, 4.0, 0.5, 5.0, 2.5, 4.0, 2.0, 5.0, 0.5, 3.5, 4.0, 4.5, 
11612, 1.0, 3.5, 4.0, 2.0, 4.5, 4.0, 4.0, 3.0, 1.5, 5.0, 
9565, 3.5, 5.0, 4.0, 3.0, 5.0, 2.5, 5.0, 5.0, 4.0, 4.5, 
11613, 5.0, 3.0, 2.5, 3.0, 3.0, 2.0, 
5472, 3.5, 5.0, 3.0, 4.0, 3.5, 3.5, 2.5, 1.0, 5.0, 0.5, 5.0, 4.0, 2.0, 4.0, 5.0, 3.0, 1.5, 4.5, 1.0, 3.5, 4.5, 5.0, 4.0, 2.5, 5.0, 0.5, 
15712, 3.0, 5.0, 5.0, 4.5, 
7521, 0.5, 2.0, 4.5, 2.0, 3.5, 2.5, 4.0, 4.0, 4.0, 1.0, 4.0, 2.0, 5.0, 1.0, 3.5, 1.0, 5.0, 4.0, 5.0, 3.0, 5.0, 3.5, 4.0, 5.0, 4.5, 4.5, 3.5, 3.0, 2.0, 5.0, 3.0, 3.5, 2.0, 4.0, 4.0, 4.0, 3.5, 4.0, 1.0, 4.0, 5.0, 5.0, 3.0, 3.5, 0.5, 5.0, 5.0, 5.0, 2.0, 2.0, 0.5, 3.5, 4.0, 2.0, 3.0, 0.5, 1.0, 3.5, 2.0, 3.5, 3.5, 5.0, 3.0, 4.0, 5.0, 5.0, 2.5, 1.5, 5.0, 3.0, 0.5, 5.0, 2.0, 1.0, 2.0, 3.0, 5.0, 0.5, 1.5, 5.0, 4.0, 4.0, 5.0, 4.5, 3.0, 5.0, 5.0, 4.5, 2.5, 3.5, 4.0, 0.5, 1.0, 5.0, 3.0, 2.5, 1.5, 3.0, 2.5, 0.5, 4.5, 3.0, 3.0, 1.0, 3.5, 3.0, 5.0, 2.0, 3.0, 3.5, 2.0, 2.0, 4.5, 4.5, 4.0, 4.5, 1.5, 1.0, 1.0, 5.0, 4.0, 4.0, 4.0, 3.0, 3.5, 2.0, 5.0, 5.0, 1.0, 3.5, 3.0, 4.0, 5.0, 5.0, 4.5, 3.0, 2.0, 3.0, 4.0, 5.0, 5.0, 5.0, 3.5, 3.0, 3.5, 5.0, 1.0, 1.0, 4.0, 3.0, 3.0, 5.0, 5.0, 4.5, 3.0, 5.0, 5.0, 3.0, 3.5, 4.0, 3.5, 5.0, 3.5, 3.5, 1.0, 5.0, 2.5, 4.0, 2.0, 2.0, 1.5, 5.0, 5.0, 3.5, 4.0, 5.0, 4.0, 4.0, 4.0, 3.0, 2.0, 2.0, 5.0, 5.0, 3.0, 1.0, 5.0, 0.5, 1.0, 4.0, 5.0, 5.0, 4.5, 1.5, 3.5, 4.5, 4.5, 3.0, 5.0, 3.0, 3.0, 3.5, 1.5, 3.0, 3.5, 2.5, 4.5, 3.0, 3.5, 4.5, 1.5, 1.5, 2.5, 3.5, 0.5, 4.0, 3.0, 2.0, 1.0, 4.0, 3.5, 3.0, 2.5, 4.5, 3.5, 5.0, 2.0, 2.0, 5.0, 5.0, 0.5, 3.5, 3.5, 2.5, 4.0, 4.5, 3.0, 5.0, 2.0, 3.5, 3.0, 4.0, 4.0, 5.0, 4.0, 5.0, 1.0, 0.5, 4.0, 5.0, 4.0, 3.0, 3.0, 4.5, 1.0, 3.0, 1.0, 5.0, 1.0, 5.0, 3.5, 2.0, 3.0, 3.5, 5.0, 3.5, 3.5, 4.0, 4.0, 3.0, 5.0, 3.0, 3.0, 0.5, 2.0, 3.5, 5.0, 2.0, 5.0, 5.0, 3.0, 2.0, 3.0, 3.5, 2.5, 4.5, 2.5, 5.0, 4.0, 4.5, 4.0, 4.5, 1.5, 2.0, 1.5, 2.0, 5.0, 3.0, 3.0, 5.0, 5.0, 5.0, 3.5, 5.0, 1.0, 4.0, 5.0, 1.5, 5.0, 2.5, 1.0, 5.0, 3.0, 5.0, 2.5, 3.5, 0.5, 5.0, 2.5, 5.0, 1.5, 5.0, 5.0, 1.0, 5.0, 4.0, 5.0, 3.5, 3.0, 3.5, 3.0, 3.0, 3.0, 3.0, 3.0, 4.0, 3.0, 2.0, 1.5, 4.0, 4.0, 0.5, 3.0, 1.0, 2.5, 4.0, 4.0, 4.0, 4.5, 1.0, 3.0, 3.5, 4.0, 5.0, 1.0, 4.0, 4.0, 5.0, 3.0, 5.0, 3.5, 2.0, 5.0, 5.0, 4.0, 3.0, 2.0, 1.5, 2.0, 3.5, 4.0, 4.5, 4.0, 3.0, 5.0, 2.5, 
3425, 5.0, 5.0, 4.5, 4.5, 5.0, 3.5, 4.5, 4.0, 4.5, 5.0, 2.5, 5.0, 4.0, 5.0, 4.5, 4.5, 4.5, 3.5, 5.0, 5.0, 4.0, 5.0, 5.0, 4.0, 5.0, 
17762, 3.0, 3.5, 4.0, 3.0, 4.5, 5.0, 5.0, 4.0, 3.0, 
3427, 3.0, 1.0, 3.5, 3.0, 5.0, 4.5, 5.0, 4.5, 5.0, 0.5, 2.5, 3.5, 5.0, 3.5, 4.0, 3.5, 2.5, 3.5, 3.0, 3.0, 5.0, 2.0, 4.0, 5.0, 4.5, 4.5, 3.0, 4.5, 3.5, 1.0, 4.5, 0.5, 4.5, 5.0, 3.0, 
17764, 4.5, 5.0, 1.5, 3.5, 2.5, 4.5, 5.0, 1.5, 
5477, 3.5, 3.0, 0.5, 4.0, 3.0, 
13673, 4.0, 3.0, 4.0, 4.5, 2.5, 3.0, 4.5, 5.0, 5.0, 4.0, 4.0, 5.0, 4.0, 5.0, 4.0, 4.5, 4.0, 5.0, 2.5, 4.5, 3.0, 4.0, 1.5, 4.0, 4.5, 3.5, 4.0, 5.0, 3.5, 5.0, 4.5, 5.0, 3.5, 3.0, 0.5, 5.0, 5.0, 5.0, 5.0, 5.0, 1.5, 5.0, 3.0, 5.0, 5.0, 3.0, 4.5, 3.0, 2.5, 5.0, 4.5, 5.0, 4.0, 3.0, 5.0, 3.5, 4.5, 4.0, 3.0, 5.0, 4.0, 3.0, 3.0, 4.0, 4.5, 5.0, 3.0, 5.0, 4.0, 4.5, 5.0, 3.0, 4.0, 3.5, 3.5, 0.5, 
7534, 5.0, 5.0, 3.5, 
3441, 3.5, 3.0, 4.5, 1.5, 5.0, 3.5, 2.5, 4.5, 5.0, 5.0, 3.0, 4.5, 
3446, 4.5, 5.0, 5.0, 5.0, 4.0, 5.0, 4.5, 4.5, 5.0, 4.5, 3.0, 5.0, 5.0, 5.0, 5.0, 5.0, 4.5, 5.0, 5.0, 4.0, 2.5, 5.0, 4.5, 4.0, 
11638, 2.5, 4.5, 3.5, 0.5, 4.0, 4.0, 3.5, 
9591, 0.5, 4.0, 4.5, 5.0, 1.5, 4.5, 4.0, 3.5, 4.0, 3.5, 3.5, 5.0, 3.5, 5.0, 4.5, 3.0, 5.0, 2.0, 3.5, 3.5, 0.5, 5.0, 
5496, 4.5, 4.5, 4.0, 4.5, 3.0, 3.5, 3.5, 3.5, 5.0, 4.0, 1.0, 2.5, 3.5, 0.5, 2.5, 3.0, 3.5, 3.0, 2.0, 5.0, 5.0, 3.0, 5.0, 4.5, 5.0, 3.0, 5.0, 3.0, 3.5, 3.5, 3.5, 5.0, 1.5, 5.0, 3.0, 4.5, 2.5, 4.5, 2.5, 3.5, 3.0, 4.5, 4.0, 5.0, 2.0, 4.5, 3.0, 5.0, 1.0, 3.0, 5.0, 5.0, 3.0, 4.0, 2.5, 4.0, 3.0, 3.5, 4.0, 
9593, 5.0, 5.0, 4.5, 1.0, 4.5, 4.0, 
1406, 5.0, 4.0, 4.0, 3.0, 3.0, 4.0, 4.0, 3.5, 2.0, 3.0, 4.5, 5.0, 3.0, 2.5, 2.0, 5.0, 4.0, 3.5, 4.0, 4.0, 4.0, 4.5, 3.5, 5.0, 4.5, 5.0, 4.5, 5.0, 3.0, 3.0, 5.0, 4.0, 4.5, 2.0, 4.5, 5.0, 3.5, 4.0, 3.5, 3.0, 4.0, 5.0, 3.5, 1.5, 3.0, 3.5, 5.0, 4.5, 4.5, 0.5, 
13695, 4.0, 3.5, 1.5, 4.0, 4.0, 
11648, 4.5, 4.5, 4.0, 4.5, 
11651, 3.0, 4.5, 3.5, 4.0, 5.0, 
3463, 4.0, 3.0, 3.5, 3.5, 4.0, 5.0, 4.0, 1.0, 4.0, 5.0, 1.0, 5.0, 5.0, 3.5, 5.0, 5.0, 3.5, 3.0, 4.0, 5.0, 5.0, 5.0, 4.5, 3.0, 4.0, 3.0, 4.5, 3.5, 4.0, 5.0, 3.0, 2.5, 5.0, 4.0, 2.5, 3.0, 3.5, 5.0, 2.5, 3.0, 4.0, 4.0, 0.5, 5.0, 4.0, 5.0, 1.0, 4.5, 3.5, 3.0, 4.5, 4.0, 0.5, 5.0, 0.5, 1.0, 3.0, 4.0, 2.5, 1.0, 5.0, 5.0, 3.0, 4.0, 2.0, 3.0, 3.5, 5.0, 2.5, 4.5, 3.5, 4.0, 2.0, 2.5, 5.0, 3.0, 4.0, 5.0, 5.0, 2.0, 2.5, 3.0, 5.0, 3.5, 5.0, 4.5, 5.0, 5.0, 5.0, 4.0, 4.0, 3.0, 4.0, 5.0, 3.0, 5.0, 1.0, 4.0, 4.0, 5.0, 3.0, 4.0, 3.0, 5.0, 5.0, 3.0, 3.0, 2.5, 4.0, 4.0, 5.0, 5.0, 3.0, 3.5, 3.0, 0.5, 3.0, 5.0, 3.5, 3.5, 3.5, 3.0, 3.5, 5.0, 4.0, 4.0, 4.5, 3.5, 5.0, 3.0, 0.5, 3.5, 5.0, 3.0, 2.5, 3.0, 2.0, 3.0, 4.0, 5.0, 3.0, 3.5, 5.0, 4.0, 4.5, 4.0, 1.0, 4.0, 3.5, 3.5, 3.0, 5.0, 3.5, 4.5, 1.0, 3.0, 4.5, 2.5, 5.0, 4.5, 5.0, 5.0, 5.0, 3.0, 3.0, 2.5, 5.0, 4.0, 3.0, 5.0, 5.0, 1.0, 3.0, 1.0, 5.0, 4.5, 4.0, 3.0, 5.0, 3.0, 3.0, 0.5, 5.0, 2.5, 4.5, 4.0, 5.0, 5.0, 5.0, 3.0, 3.0, 3.0, 5.0, 3.5, 5.0, 2.5, 3.0, 1.0, 3.5, 4.0, 3.5, 1.5, 2.0, 5.0, 5.0, 1.0, 5.0, 3.5, 2.0, 3.0, 2.0, 5.0, 0.5, 0.5, 3.5, 3.5, 3.0, 3.0, 4.0, 4.5, 4.0, 4.5, 4.0, 4.0, 0.5, 4.0, 5.0, 3.0, 3.5, 5.0, 5.0, 4.0, 2.0, 4.0, 2.0, 5.0, 5.0, 4.5, 4.0, 2.5, 3.0, 3.0, 5.0, 3.0, 3.0, 1.5, 4.0, 1.5, 5.0, 1.5, 3.5, 5.0, 3.0, 1.5, 2.0, 5.0, 4.0, 3.5, 4.0, 4.0, 2.5, 3.5, 4.0, 2.5, 4.5, 3.5, 2.5, 3.0, 3.0, 3.0, 4.0, 1.0, 5.0, 3.0, 3.0, 3.0, 5.0, 5.0, 1.5, 4.5, 4.0, 5.0, 0.5, 4.5, 5.0, 1.5, 4.5, 3.0, 4.0, 0.5, 0.5, 4.5, 4.5, 4.0, 5.0, 5.0, 
13705, 4.0, 2.0, 0.5, 2.5, 4.0, 4.0, 3.5, 
3466, 4.0, 5.0, 0.5, 1.0, 3.5, 4.0, 3.0, 1.0, 0.5, 5.0, 5.0, 1.0, 3.0, 3.0, 4.0, 3.0, 5.0, 4.0, 3.0, 1.5, 1.0, 3.5, 0.5, 4.0, 
11658, 4.5, 3.5, 5.0, 4.5, 4.0, 5.0, 
5515, 5.0, 5.0, 4.0, 4.5, 5.0, 4.5, 5.0, 3.5, 
13707, 3.0, 3.0, 3.0, 5.0, 2.0, 4.0, 4.0, 4.5, 3.0, 4.0, 4.0, 5.0, 3.0, 4.5, 3.5, 4.5, 4.5, 4.5, 4.5, 5.0, 5.0, 5.0, 2.5, 5.0, 5.0, 5.0, 4.5, 5.0, 5.0, 3.0, 5.0, 4.5, 4.0, 5.0, 
15755, 3.5, 4.0, 3.5, 4.0, 5.0, 4.5, 4.5, 4.5, 2.0, 5.0, 4.0, 3.5, 4.0, 3.0, 2.0, 4.5, 4.0, 3.5, 5.0, 3.0, 
9613, 3.5, 5.0, 3.0, 3.0, 
9614, 5.0, 5.0, 5.0, 5.0, 5.0, 2.5, 3.5, 5.0, 3.0, 4.0, 4.0, 4.0, 4.0, 5.0, 4.0, 
11663, 5.0, 4.0, 5.0, 3.5, 3.0, 5.0, 4.0, 4.0, 3.0, 4.0, 4.0, 4.0, 4.5, 5.0, 4.5, 2.5, 0.5, 4.0, 4.5, 3.0, 4.5, 4.0, 4.0, 5.0, 4.0, 3.5, 2.5, 4.0, 3.0, 4.5, 2.0, 4.5, 3.5, 2.5, 
9617, 3.5, 1.5, 4.5, 5.0, 4.0, 4.0, 5.0, 4.0, 4.5, 4.0, 
5522, 5.0, 3.0, 4.0, 3.0, 5.0, 4.0, 4.5, 4.5, 3.0, 
15764, 1.0, 1.0, 4.0, 4.0, 4.0, 5.0, 3.5, 0.5, 0.5, 5.0, 5.0, 2.5, 3.5, 3.5, 5.0, 3.0, 2.0, 4.0, 3.5, 0.5, 1.5, 1.5, 2.0, 2.0, 3.5, 4.0, 4.0, 2.5, 3.5, 1.0, 1.0, 3.0, 4.0, 4.5, 4.5, 3.5, 3.5, 3.0, 
11669, 4.5, 5.0, 3.0, 4.5, 3.5, 5.0, 
11673, 5.0, 4.0, 5.0, 3.5, 5.0, 4.0, 5.0, 0.5, 3.5, 3.0, 3.0, 
1433, 4.5, 3.0, 5.0, 5.0, 5.0, 5.0, 4.0, 4.5, 5.0, 5.0, 5.0, 4.0, 3.5, 5.0, 4.0, 
9628, 2.5, 5.0, 5.0, 3.0, 3.5, 5.0, 4.0, 4.0, 2.0, 3.5, 5.0, 4.5, 4.5, 5.0, 4.0, 5.0, 4.0, 2.0, 4.5, 4.5, 5.0, 4.0, 4.0, 3.5, 1.0, 4.5, 4.5, 4.5, 4.5, 5.0, 5.0, 3.5, 4.5, 5.0, 5.0, 3.5, 2.5, 3.5, 5.0, 3.0, 5.0, 5.0, 5.0, 5.0, 3.0, 3.0, 
11677, 4.5, 4.5, 4.0, 1.5, 4.0, 3.0, 0.5, 3.5, 5.0, 3.5, 
5538, 5.0, 4.0, 5.0, 4.0, 4.0, 5.0, 2.0, 5.0, 
9635, 0.5, 3.0, 3.5, 4.0, 3.0, 4.5, 3.5, 4.0, 3.0, 4.5, 4.5, 4.5, 5.0, 5.0, 0.5, 5.0, 4.5, 5.0, 5.0, 5.0, 4.0, 4.5, 5.0, 3.0, 3.5, 4.5, 3.0, 5.0, 3.0, 3.0, 4.5, 3.0, 1.0, 4.0, 1.5, 4.0, 4.5, 
9637, 3.0, 4.0, 3.5, 4.0, 4.0, 5.0, 2.5, 5.0, 2.5, 3.0, 4.0, 3.0, 1.5, 0.5, 4.0, 4.5, 4.0, 4.5, 0.5, 3.5, 5.0, 
11687, 4.0, 0.5, 2.5, 2.5, 
9645, 3.0, 4.0, 2.0, 4.0, 5.0, 5.0, 2.0, 2.5, 1.0, 3.5, 4.0, 1.5, 4.5, 4.0, 4.0, 3.0, 5.0, 5.0, 5.0, 4.5, 2.5, 5.0, 4.0, 5.0, 0.5, 3.0, 5.0, 3.0, 5.0, 3.5, 2.5, 
11696, 4.0, 3.5, 5.0, 4.0, 4.5, 4.0, 4.0, 3.5, 3.0, 4.0, 
3505, 5.0, 5.0, 3.5, 
11701, 0.5, 3.5, 4.5, 3.0, 4.5, 3.5, 
11702, 4.5, 0.5, 4.0, 5.0, 3.0, 
7607, 4.0, 5.0, 5.0, 4.0, 4.0, 3.5, 0.5, 5.0, 5.0, 5.0, 4.5, 4.0, 3.0, 5.0, 
11710, 5.0, 5.0, 4.5, 1.0, 5.0, 4.5, 4.5, 4.0, 3.5, 4.0, 4.0, 5.0, 3.5, 3.5, 3.5, 2.0, 3.5, 1.5, 4.5, 3.5, 5.0, 1.5, 2.0, 3.5, 4.0, 4.0, 3.0, 4.5, 4.5, 5.0, 5.0, 4.0, 3.5, 2.5, 4.5, 3.5, 5.0, 4.5, 4.0, 4.0, 1.0, 4.0, 3.5, 4.0, 5.0, 3.0, 4.5, 3.5, 
1470, 5.0, 3.0, 2.5, 4.0, 0.5, 5.0, 5.0, 5.0, 3.0, 4.0, 4.0, 4.0, 3.0, 5.0, 4.0, 5.0, 3.5, 4.0, 3.0, 3.5, 3.5, 5.0, 5.0, 4.0, 4.0, 2.5, 4.0, 4.0, 3.0, 4.0, 3.0, 4.0, 5.0, 4.0, 4.0, 
5571, 4.0, 5.0, 5.0, 3.5, 5.0, 1.0, 1.0, 4.5, 2.0, 5.0, 4.0, 5.0, 3.5, 5.0, 2.0, 4.0, 3.0, 3.0, 3.5, 4.5, 4.0, 5.0, 5.0, 3.5, 2.5, 5.0, 5.0, 1.5, 5.0, 4.0, 4.0, 4.5, 5.0, 5.0, 5.0, 3.0, 5.0, 0.5, 4.0, 3.5, 5.0, 5.0, 4.0, 3.0, 3.5, 1.0, 2.0, 5.0, 5.0, 3.5, 4.0, 2.5, 3.5, 5.0, 1.5, 2.0, 4.0, 3.0, 1.0, 0.5, 5.0, 2.5, 3.0, 2.5, 5.0, 4.0, 0.5, 2.0, 3.0, 4.0, 1.0, 4.0, 4.0, 4.0, 5.0, 4.0, 3.5, 4.0, 1.5, 5.0, 1.5, 5.0, 5.0, 4.5, 3.5, 5.0, 3.0, 2.5, 1.0, 1.0, 4.5, 3.0, 3.0, 4.0, 4.0, 3.0, 3.5, 5.0, 5.0, 2.5, 5.0, 2.5, 4.0, 0.5, 2.0, 3.0, 5.0, 5.0, 0.5, 4.0, 0.5, 5.0, 4.0, 3.0, 4.0, 1.5, 3.5, 2.5, 5.0, 3.0, 5.0, 5.0, 5.0, 5.0, 3.0, 4.0, 0.5, 5.0, 5.0, 4.0, 3.0, 3.5, 4.5, 5.0, 2.5, 1.0, 4.5, 3.0, 4.0, 3.0, 2.5, 4.5, 5.0, 5.0, 3.0, 3.0, 3.5, 3.5, 3.5, 3.5, 4.0, 3.0, 3.5, 4.0, 3.0, 4.0, 3.0, 2.5, 0.5, 1.5, 5.0, 4.5, 5.0, 4.0, 3.0, 3.0, 5.0, 2.0, 2.5, 4.0, 4.0, 5.0, 1.0, 3.5, 5.0, 5.0, 5.0, 5.0, 4.0, 3.0, 3.0, 3.0, 4.0, 1.0, 5.0, 5.0, 5.0, 5.0, 0.5, 4.5, 3.0, 4.0, 5.0, 0.5, 5.0, 4.5, 3.0, 0.5, 5.0, 3.0, 4.0, 4.5, 5.0, 2.5, 4.0, 1.0, 4.0, 5.0, 3.0, 5.0, 4.0, 1.0, 5.0, 3.0, 2.5, 4.0, 3.0, 5.0, 0.5, 2.0, 4.5, 1.5, 3.5, 5.0, 2.5, 3.0, 4.0, 4.5, 3.0, 1.0, 3.5, 5.0, 5.0, 1.5, 3.0, 5.0, 5.0, 4.0, 5.0, 2.0, 4.0, 3.0, 2.5, 4.5, 5.0, 1.5, 3.0, 1.5, 5.0, 5.0, 3.0, 1.0, 4.0, 5.0, 3.0, 5.0, 4.5, 5.0, 3.5, 4.0, 3.0, 3.5, 3.5, 3.0, 5.0, 3.0, 2.5, 3.0, 4.5, 5.0, 4.0, 3.0, 5.0, 5.0, 3.0, 0.5, 2.0, 4.0, 5.0, 4.0, 3.0, 1.0, 3.0, 4.0, 2.0, 5.0, 5.0, 4.0, 1.5, 
3524, 3.0, 5.0, 5.0, 3.0, 5.0, 4.5, 4.5, 5.0, 4.5, 5.0, 5.0, 4.0, 5.0, 4.5, 4.5, 5.0, 5.0, 5.0, 5.0, 4.0, 4.0, 4.0, 4.5, 4.0, 5.0, 3.5, 5.0, 5.0, 2.0, 5.0, 5.0, 1.5, 4.5, 5.0, 5.0, 5.0, 5.0, 5.0, 5.0, 5.0, 4.5, 5.0, 5.0, 2.5, 5.0, 4.5, 5.0, 5.0, 5.0, 4.5, 4.0, 4.5, 3.0, 
11717, 3.5, 4.0, 2.5, 0.5, 4.0, 4.0, 3.0, 
3526, 3.0, 0.5, 4.5, 2.5, 
7624, 5.0, 4.0, 5.0, 4.0, 1.0, 5.0, 5.0, 4.5, 5.0, 4.0, 5.0, 4.0, 2.5, 5.0, 5.0, 5.0, 4.0, 4.0, 4.0, 4.5, 1.0, 4.5, 5.0, 4.0, 4.0, 2.0, 3.0, 
15816, 4.5, 4.0, 
15818, 4.5, 2.5, 4.0, 5.0, 0.5, 3.5, 4.0, 3.5, 5.0, 5.0, 5.0, 4.0, 4.0, 3.5, 3.0, 4.5, 
7627, 5.0, 4.0, 4.5, 2.0, 3.0, 4.0, 4.0, 5.0, 3.0, 5.0, 5.0, 0.5, 4.5, 3.0, 2.5, 
3533, 2.5, 0.5, 5.0, 4.0, 3.5, 5.0, 2.0, 4.0, 5.0, 4.0, 5.0, 5.0, 4.5, 5.0, 2.5, 4.0, 3.0, 5.0, 0.5, 5.0, 4.5, 2.0, 2.0, 3.0, 5.0, 5.0, 4.0, 4.0, 5.0, 
5582, 3.0, 4.0, 3.0, 3.5, 4.5, 0.5, 5.0, 4.5, 2.0, 3.5, 5.0, 5.0, 4.5, 3.0, 5.0, 4.0, 4.0, 4.5, 5.0, 4.0, 5.0, 5.0, 3.5, 3.5, 5.0, 4.0, 5.0, 5.0, 4.5, 1.5, 5.0, 4.5, 3.5, 3.0, 4.5, 5.0, 4.5, 5.0, 5.0, 5.0, 5.0, 5.0, 5.0, 5.0, 5.0, 5.0, 5.0, 5.0, 3.0, 
7635, 4.5, 3.0, 5.0, 3.5, 1.5, 4.5, 1.0, 4.0, 4.5, 4.0, 3.0, 3.0, 0.5, 3.0, 3.0, 4.5, 4.5, 5.0, 4.5, 4.0, 4.0, 4.5, 0.5, 4.0, 4.0, 3.0, 4.0, 5.0, 4.0, 5.0, 5.0, 2.0, 4.0, 1.5, 3.5, 4.0, 5.0, 2.5, 
7636, 5.0, 3.0, 4.5, 0.5, 3.5, 4.0, 4.0, 2.5, 4.5, 4.0, 1.0, 5.0, 5.0, 2.0, 4.0, 3.0, 3.5, 
15829, 3.5, 3.0, 4.0, 4.0, 4.0, 5.0, 1.0, 4.0, 4.5, 
9685, 4.0, 2.5, 2.5, 3.0, 3.5, 3.5, 2.5, 4.5, 
5591, 3.5, 4.0, 1.0, 3.5, 4.5, 5.0, 
7643, 4.5, 5.0, 5.0, 5.0, 4.0, 1.5, 
5596, 3.0, 3.0, 2.0, 3.5, 3.5, 0.5, 5.0, 4.0, 4.0, 5.0, 
1502, 5.0, 3.5, 4.5, 4.0, 3.0, 
11745, 2.0, 2.0, 2.0, 2.0, 3.0, 4.5, 4.0, 2.0, 3.0, 1.5, 5.0, 0.5, 3.0, 4.0, 2.0, 3.5, 
13795, 4.5, 1.0, 2.0, 3.5, 3.5, 
15843, 3.0, 4.0, 3.0, 5.0, 4.0, 3.0, 1.5, 4.0, 4.0, 2.5, 2.0, 3.0, 3.0, 3.5, 
15844, 4.5, 4.5, 4.0, 4.0, 5.0, 5.0, 2.5, 5.0, 1.0, 4.0, 0.5, 4.0, 3.5, 5.0, 3.5, 5.0, 5.0, 3.0, 5.0, 5.0, 4.5, 5.0, 3.5, 3.5, 2.5, 5.0, 
9702, 4.5, 5.0, 3.0, 3.0, 4.0, 4.0, 5.0, 5.0, 4.0, 5.0, 4.5, 4.0, 4.5, 4.5, 3.5, 4.5, 4.5, 2.0, 3.5, 4.0, 4.0, 3.5, 4.0, 
5607, 2.5, 2.5, 5.0, 5.0, 4.0, 5.0, 5.0, 
15853, 3.5, 3.0, 4.5, 4.0, 3.5, 3.0, 5.0, 4.5, 5.0, 5.0, 4.0, 1.0, 3.0, 4.0, 3.0, 4.5, 3.0, 5.0, 0.5, 
1518, 4.0, 4.0, 2.5, 1.5, 0.5, 2.0, 5.0, 3.5, 4.0, 5.0, 3.5, 5.0, 3.5, 3.5, 3.5, 4.0, 5.0, 3.0, 3.0, 2.5, 2.5, 2.0, 4.0, 3.0, 1.0, 
15855, 5.0, 5.0, 3.0, 4.0, 2.0, 3.5, 1.0, 3.5, 
7664, 5.0, 4.5, 2.5, 4.0, 3.5, 4.0, 5.0, 3.5, 4.0, 3.0, 3.0, 5.0, 5.0, 0.5, 4.0, 5.0, 4.0, 4.0, 5.0, 1.0, 3.0, 1.5, 3.5, 4.0, 5.0, 5.0, 5.0, 4.5, 5.0, 4.0, 3.0, 3.0, 5.0, 3.5, 5.0, 5.0, 4.0, 5.0, 5.0, 3.5, 4.0, 3.0, 5.0, 5.0, 4.5, 4.5, 5.0, 5.0, 4.5, 2.0, 3.5, 3.0, 1.5, 3.0, 3.0, 4.0, 4.0, 5.0, 5.0, 3.5, 2.5, 4.5, 1.5, 5.0, 4.5, 2.5, 5.0, 5.0, 2.5, 5.0, 4.5, 5.0, 4.5, 5.0, 4.5, 1.0, 4.5, 5.0, 4.0, 4.5, 2.5, 5.0, 3.5, 2.5, 3.0, 4.0, 4.0, 4.0, 3.0, 5.0, 4.5, 3.0, 2.0, 3.0, 2.5, 5.0, 3.0, 5.0, 5.0, 1.0, 5.0, 4.5, 3.5, 2.5, 3.5, 5.0, 4.5, 4.0, 3.0, 3.0, 4.5, 4.0, 3.0, 5.0, 5.0, 3.0, 4.0, 4.5, 1.5, 5.0, 3.0, 4.0, 4.0, 2.5, 3.0, 4.0, 4.5, 4.0, 4.0, 3.0, 3.0, 2.5, 5.0, 4.0, 4.0, 4.0, 3.5, 4.5, 3.0, 2.0, 3.0, 4.5, 4.0, 4.0, 3.5, 5.0, 4.0, 3.0, 3.5, 3.5, 5.0, 4.0, 4.0, 5.0, 5.0, 5.0, 4.0, 5.0, 5.0, 5.0, 4.5, 0.5, 4.0, 5.0, 5.0, 4.0, 2.5, 5.0, 5.0, 3.5, 5.0, 5.0, 4.0, 5.0, 3.0, 5.0, 1.0, 5.0, 4.5, 5.0, 5.0, 4.0, 5.0, 5.0, 5.0, 5.0, 5.0, 3.0, 5.0, 4.0, 5.0, 5.0, 3.0, 5.0, 4.0, 4.5, 5.0, 3.0, 1.0, 5.0, 4.0, 4.0, 5.0, 5.0, 4.5, 5.0, 3.0, 3.5, 4.0, 3.5, 3.0, 0.5, 4.5, 3.0, 5.0, 5.0, 0.5, 5.0, 4.0, 5.0, 4.5, 2.5, 4.5, 3.5, 5.0, 4.0, 4.5, 3.0, 3.0, 5.0, 5.0, 4.0, 5.0, 3.0, 1.0, 4.0, 4.5, 5.0, 2.5, 3.0, 2.0, 4.0, 4.0, 4.5, 5.0, 3.5, 5.0, 5.0, 2.5, 5.0, 5.0, 5.0, 4.5, 2.5, 4.0, 5.0, 4.0, 4.5, 5.0, 1.0, 4.0, 4.5, 5.0, 5.0, 0.5, 4.0, 5.0, 4.5, 5.0, 4.0, 1.5, 4.5, 3.5, 5.0, 4.5, 2.0, 4.5, 5.0, 5.0, 5.0, 5.0, 1.5, 3.0, 5.0, 0.5, 4.0, 2.0, 5.0, 4.5, 4.5, 4.0, 4.5, 2.0, 5.0, 0.5, 0.5, 5.0, 5.0, 4.0, 4.5, 4.0, 3.0, 3.0, 2.5, 4.5, 3.5, 5.0, 5.0, 0.5, 3.5, 3.0, 3.5, 4.5, 2.0, 5.0, 4.0, 4.0, 4.0, 2.5, 5.0, 2.0, 4.0, 5.0, 3.0, 5.0, 5.0, 3.0, 4.0, 2.5, 4.0, 1.0, 4.5, 2.5, 5.0, 4.0, 4.0, 4.0, 5.0, 3.0, 5.0, 5.0, 1.5, 4.0, 3.5, 4.0, 5.0, 4.0, 4.0, 3.0, 1.0, 4.0, 2.5, 2.0, 3.5, 3.0, 2.5, 0.5, 3.5, 4.5, 5.0, 4.0, 4.0, 3.0, 2.0, 3.0, 3.0, 4.5, 5.0, 5.0, 4.0, 5.0, 1.0, 3.0, 3.0, 4.0, 5.0, 5.0, 2.0, 4.5, 3.0, 1.0, 5.0, 3.5, 4.0, 5.0, 4.0, 4.5, 3.0, 4.5, 
3579, 4.0, 2.5, 0.5, 3.0, 5.0, 5.0, 3.5, 2.5, 3.0, 0.5, 3.0, 2.0, 5.0, 1.5, 3.0, 4.0, 3.0, 5.0, 3.5, 0.5, 3.0, 5.0, 5.0, 5.0, 2.5, 5.0, 3.0, 4.0, 2.5, 3.5, 4.0, 1.5, 4.5, 3.0, 1.0, 4.0, 4.0, 2.5, 1.0, 4.0, 4.0, 5.0, 2.5, 0.5, 5.0, 1.5, 1.5, 0.5, 1.0, 5.0, 1.0, 3.0, 4.0, 5.0, 4.0, 2.5, 3.5, 4.5, 3.5, 2.5, 2.5, 3.5, 1.0, 1.0, 2.0, 4.0, 4.0, 1.0, 5.0, 0.5, 3.0, 4.0, 3.5, 2.0, 3.0, 4.0, 2.0, 1.0, 1.0, 2.5, 3.0, 3.5, 5.0, 2.5, 2.5, 5.0, 5.0, 5.0, 1.0, 3.0, 1.5, 4.5, 3.0, 4.0, 3.0, 3.5, 2.0, 1.5, 2.0, 4.0, 2.0, 1.0, 5.0, 5.0, 0.5, 2.0, 2.0, 2.0, 4.0, 2.5, 5.0, 2.5, 0.5, 0.5, 3.0, 1.0, 3.0, 2.5, 3.0, 1.0, 3.0, 5.0, 1.5, 4.5, 4.0, 5.0, 4.0, 5.0, 2.5, 2.0, 1.0, 5.0, 1.0, 1.0, 2.5, 4.5, 1.0, 0.5, 1.0, 5.0, 3.5, 5.0, 3.0, 4.0, 3.0, 1.0, 5.0, 3.0, 1.0, 3.0, 4.0, 4.0, 1.5, 0.5, 4.5, 2.5, 4.0, 2.0, 2.0, 5.0, 1.0, 3.0, 5.0, 4.5, 2.0, 0.5, 5.0, 0.5, 2.5, 3.5, 3.0, 2.5, 3.0, 0.5, 2.5, 3.0, 3.0, 3.5, 3.0, 4.0, 1.0, 3.0, 3.0, 2.0, 3.5, 2.0, 2.0, 4.0, 5.0, 3.5, 1.5, 1.0, 0.5, 4.0, 2.0, 3.0, 5.0, 2.5, 2.0, 3.0, 3.0, 4.0, 5.0, 5.0, 4.0, 2.5, 1.0, 3.0, 1.0, 4.0, 0.5, 3.5, 5.0, 4.0, 5.0, 4.5, 4.0, 1.0, 4.5, 3.5, 5.0, 4.0, 5.0, 0.5, 3.5, 3.0, 3.5, 3.0, 3.0, 3.0, 5.0, 4.0, 3.0, 5.0, 1.0, 2.0, 5.0, 2.5, 1.0, 4.5, 4.0, 0.5, 4.5, 0.5, 5.0, 2.0, 3.0, 2.0, 4.0, 4.0, 1.0, 2.5, 3.5, 4.5, 1.0, 3.5, 2.0, 1.5, 3.0, 2.5, 3.0, 3.5, 3.5, 2.0, 3.0, 3.0, 2.5, 1.0, 4.0, 1.5, 3.5, 3.5, 0.5, 4.0, 3.5, 2.0, 1.5, 5.0, 0.5, 5.0, 
11771, 1.0, 4.0, 2.0, 5.0, 3.0, 
5628, 1.5, 4.0, 3.0, 1.5, 4.0, 2.5, 1.5, 5.0, 5.0, 4.0, 0.5, 1.0, 3.0, 0.5, 2.5, 4.5, 3.5, 3.5, 5.0, 3.5, 5.0, 5.0, 3.5, 2.5, 1.5, 5.0, 5.0, 3.0, 4.0, 
15871, 5.0, 3.0, 3.5, 3.5, 2.0, 4.5, 3.5, 
9728, 5.0, 2.0, 4.5, 3.0, 4.5, 5.0, 3.0, 4.0, 5.0, 2.0, 3.0, 1.5, 4.0, 1.0, 2.0, 
11781, 2.5, 3.0, 4.0, 4.0, 3.5, 5.0, 4.0, 2.0, 4.5, 3.0, 5.0, 3.5, 4.0, 4.0, 5.0, 4.0, 3.0, 4.0, 2.0, 3.5, 4.0, 3.0, 3.5, 2.5, 4.5, 3.0, 5.0, 4.0, 1.5, 5.0, 3.5, 5.0, 3.0, 3.5, 2.0, 3.0, 
1542, 2.5, 5.0, 5.0, 3.5, 2.0, 4.5, 4.0, 5.0, 4.5, 5.0, 5.0, 1.5, 3.5, 
3593, 4.5, 5.0, 4.0, 5.0, 
7691, 3.0, 2.0, 2.5, 3.5, 4.0, 3.0, 3.0, 5.0, 4.0, 
15887, 5.0, 5.0, 3.0, 3.0, 3.0, 4.5, 4.5, 1.5, 4.0, 3.0, 4.0, 1.5, 3.0, 2.5, 2.0, 4.5, 4.0, 5.0, 5.0, 5.0, 5.0, 4.5, 2.5, 4.0, 0.5, 1.0, 3.5, 4.0, 3.0, 5.0, 2.5, 4.5, 3.5, 2.5, 1.0, 2.0, 5.0, 5.0, 
15890, 3.0, 3.0, 5.0, 4.0, 5.0, 
3605, 4.0, 4.0, 5.0, 3.0, 5.0, 4.5, 4.5, 2.5, 4.5, 3.5, 5.0, 0.5, 5.0, 3.0, 5.0, 3.0, 1.5, 3.0, 4.5, 5.0, 5.0, 3.0, 2.5, 3.0, 4.0, 4.0, 4.0, 5.0, 3.0, 5.0, 4.5, 5.0, 5.0, 2.5, 5.0, 1.0, 5.0, 3.5, 3.5, 5.0, 5.0, 5.0, 3.0, 4.5, 1.0, 1.5, 5.0, 5.0, 4.5, 3.5, 4.5, 3.0, 5.0, 2.5, 5.0, 3.5, 4.5, 3.0, 4.5, 4.0, 
7701, 5.0, 3.0, 5.0, 3.0, 0.5, 
1558, 0.5, 1.0, 4.0, 1.0, 0.5, 2.5, 3.5, 3.0, 
1561, 3.0, 5.0, 4.5, 5.0, 4.5, 0.5, 1.5, 5.0, 4.0, 3.5, 5.0, 4.0, 1.0, 5.0, 5.0, 2.5, 3.5, 5.0, 5.0, 3.0, 3.0, 3.0, 2.0, 5.0, 2.0, 4.0, 3.5, 2.0, 5.0, 4.0, 5.0, 4.0, 3.5, 
3609, 3.0, 3.5, 5.0, 5.0, 4.5, 4.0, 4.0, 5.0, 1.5, 1.5, 5.0, 4.0, 5.0, 4.5, 5.0, 5.0, 5.0, 3.5, 4.0, 5.0, 
3611, 5.0, 5.0, 3.0, 3.5, 3.0, 4.5, 
9756, 3.5, 3.0, 3.5, 3.5, 3.0, 3.5, 5.0, 5.0, 5.0, 3.0, 4.5, 4.0, 3.5, 4.5, 4.5, 3.5, 3.0, 3.0, 4.0, 2.5, 3.0, 3.0, 4.5, 4.0, 3.5, 3.0, 0.5, 4.0, 4.0, 3.0, 2.0, 5.0, 4.5, 4.0, 1.0, 4.0, 5.0, 3.5, 4.5, 2.5, 3.5, 4.5, 5.0, 3.5, 1.5, 3.5, 2.0, 
9757, 5.0, 5.0, 4.0, 3.0, 3.5, 5.0, 3.0, 5.0, 5.0, 4.0, 5.0, 
15902, 5.0, 5.0, 5.0, 5.0, 
3617, 2.0, 1.5, 5.0, 0.5, 
5667, 3.0, 5.0, 1.5, 0.5, 4.5, 
1571, 4.5, 5.0, 5.0, 5.0, 4.5, 4.0, 4.0, 
11812, 4.5, 4.0, 5.0, 5.0, 5.0, 5.0, 3.5, 4.0, 5.0, 5.0, 5.0, 5.0, 3.5, 4.0, 4.0, 3.5, 5.0, 5.0, 5.0, 5.0, 4.0, 4.0, 4.0, 
13860, 3.0, 5.0, 4.5, 4.0, 
3624, 2.0, 4.0, 4.0, 5.0, 0.5, 5.0, 4.0, 0.5, 3.5, 3.0, 4.0, 5.0, 4.0, 3.5, 5.0, 4.5, 3.0, 4.0, 4.0, 5.0, 0.5, 3.5, 4.5, 
3626, 4.0, 3.0, 5.0, 4.5, 4.0, 
1582, 3.0, 2.0, 3.0, 5.0, 4.5, 4.0, 4.5, 5.0, 4.0, 5.0, 2.5, 3.0, 3.5, 
1585, 1.0, 5.0, 3.0, 3.0, 3.5, 
15922, 3.5, 3.5, 5.0, 2.0, 3.5, 4.5, 4.0, 4.5, 
9780, 0.5, 0.5, 3.5, 1.0, 
11829, 2.0, 5.0, 3.5, 4.0, 4.5, 3.5, 2.0, 3.0, 4.0, 3.0, 
3638, 5.0, 5.0, 5.0, 5.0, 4.5, 4.5, 3.0, 4.5, 5.0, 2.5, 4.0, 5.0, 0.5, 1.0, 5.0, 
9785, 5.0, 2.5, 4.5, 1.5, 4.0, 
1595, 3.5, 3.5, 4.5, 
5692, 4.0, 5.0, 3.0, 5.0, 5.0, 4.0, 1.5, 5.0, 4.5, 4.0, 0.5, 1.0, 3.5, 2.5, 5.0, 1.0, 3.5, 4.0, 0.5, 2.0, 5.0, 
9788, 3.5, 3.0, 5.0, 3.0, 5.0, 2.0, 3.5, 0.5, 3.0, 4.5, 3.0, 5.0, 4.5, 5.0, 4.0, 2.5, 5.0, 4.5, 0.5, 3.0, 3.0, 1.0, 4.0, 1.0, 1.5, 1.0, 
11837, 5.0, 3.5, 3.0, 4.0, 3.0, 4.0, 
13886, 5.0, 2.0, 0.5, 1.0, 1.0, 2.5, 
5695, 3.5, 3.5, 1.5, 1.0, 3.5, 4.0, 3.0, 
3648, 4.5, 4.5, 4.5, 3.5, 4.0, 5.0, 3.5, 3.0, 4.0, 5.0, 3.5, 3.0, 4.5, 4.0, 5.0, 3.5, 4.5, 3.5, 4.5, 4.5, 3.0, 4.5, 3.5, 5.0, 5.0, 3.0, 4.5, 4.0, 3.5, 0.5, 4.5, 3.5, 4.0, 2.0, 2.5, 3.5, 4.0, 2.0, 
5696, 4.5, 4.0, 4.5, 5.0, 3.0, 5.0, 4.0, 3.5, 
7745, 3.5, 3.0, 1.0, 1.5, 4.0, 4.5, 1.5, 5.0, 5.0, 3.5, 3.0, 3.0, 3.0, 3.0, 3.5, 3.0, 3.0, 
13894, 0.5, 2.5, 4.5, 1.5, 0.5, 3.5, 3.0, 3.0, 4.0, 5.0, 3.0, 4.5, 4.5, 4.0, 3.0, 3.5, 2.0, 3.0, 5.0, 5.0, 5.0, 4.0, 4.5, 2.0, 2.5, 2.5, 1.5, 3.5, 4.5, 4.0, 5.0, 
9800, 1.5, 1.5, 4.5, 3.5, 2.0, 2.5, 3.0, 4.5, 3.0, 3.0, 3.5, 2.5, 3.0, 0.5, 5.0, 3.0, 4.0, 4.0, 3.0, 3.5, 3.0, 3.5, 3.5, 3.5, 4.5, 3.0, 4.0, 3.5, 3.0, 4.0, 0.5, 5.0, 1.5, 3.0, 1.5, 3.0, 3.0, 5.0, 2.5, 
5705, 3.0, 2.0, 4.0, 3.5, 3.0, 5.0, 3.0, 5.0, 3.5, 5.0, 5.0, 3.5, 2.0, 3.0, 3.0, 3.5, 4.0, 4.0, 5.0, 4.0, 4.5, 3.5, 4.5, 3.5, 4.0, 5.0, 2.5, 2.5, 3.0, 3.0, 5.0, 5.0, 3.0, 3.0, 2.0, 3.5, 4.0, 4.5, 2.5, 5.0, 5.0, 3.5, 3.0, 3.5, 4.0, 4.5, 
15945, 5.0, 0.5, 5.0, 0.5, 3.0, 3.0, 3.0, 5.0, 2.0, 3.0, 3.5, 4.5, 3.0, 3.0, 3.0, 5.0, 1.5, 3.5, 4.0, 3.5, 1.0, 5.0, 3.0, 3.5, 3.0, 5.0, 5.0, 4.0, 3.5, 1.0, 4.5, 2.0, 4.5, 3.5, 4.0, 1.0, 3.0, 4.0, 2.5, 
11850, 1.0, 2.5, 0.5, 4.0, 
15952, 4.0, 4.5, 5.0, 4.5, 4.5, 
15953, 3.5, 2.5, 4.5, 3.5, 1.0, 3.0, 4.0, 4.0, 3.5, 4.0, 3.5, 3.5, 4.5, 3.0, 3.0, 4.5, 1.0, 4.0, 4.5, 3.5, 3.5, 3.0, 3.0, 
15956, 4.5, 3.0, 5.0, 5.0, 4.5, 3.0, 
3670, 0.5, 3.0, 3.5, 4.0, 3.0, 4.5, 
7767, 3.5, 4.5, 4.0, 4.5, 5.0, 2.5, 5.0, 5.0, 5.0, 
1625, 4.5, 5.0, 3.5, 5.0, 5.0, 3.0, 5.0, 3.5, 5.0, 3.0, 3.0, 4.5, 4.5, 5.0, 4.5, 4.5, 5.0, 5.0, 4.5, 4.0, 4.0, 4.0, 5.0, 2.5, 
9818, 5.0, 4.5, 5.0, 4.5, 
7779, 3.0, 3.0, 1.5, 4.0, 5.0, 5.0, 5.0, 5.0, 4.5, 4.0, 4.0, 5.0, 3.0, 
3684, 4.0, 3.5, 5.0, 4.5, 4.5, 5.0, 4.0, 4.5, 
11880, 5.0, 5.0, 4.0, 4.5, 4.0, 4.5, 3.5, 
3689, 4.0, 5.0, 0.5, 1.0, 3.0, 3.0, 3.5, 1.0, 4.0, 4.0, 4.0, 4.0, 4.0, 5.0, 3.5, 4.5, 2.5, 2.0, 3.0, 4.5, 
13930, 5.0, 2.0, 4.5, 3.5, 
11886, 5.0, 5.0, 3.5, 3.5, 4.5, 2.0, 
5751, 5.0, 3.0, 5.0, 3.5, 5.0, 1.0, 3.0, 
1659, 4.0, 3.5, 4.5, 4.0, 
3713, 5.0, 0.5, 0.5, 5.0, 5.0, 5.0, 5.0, 5.0, 4.5, 4.5, 5.0, 1.5, 5.0, 3.5, 4.5, 3.5, 4.5, 5.0, 0.5, 4.0, 5.0, 5.0, 0.5, 5.0, 3.5, 5.0, 5.0, 3.5, 5.0, 4.5, 3.0, 5.0, 1.0, 5.0, 4.0, 5.0, 5.0, 5.0, 5.0, 5.0, 4.5, 0.5, 5.0, 5.0, 4.5, 5.0, 4.5, 4.0, 5.0, 4.0, 4.0, 4.5, 5.0, 3.0, 
5762, 4.0, 4.0, 4.0, 5.0, 5.0, 4.5, 1.0, 4.5, 5.0, 3.5, 4.5, 4.5, 4.5, 4.5, 
3715, 5.0, 4.5, 1.5, 4.0, 3.0, 3.5, 
13955, 4.5, 4.5, 4.0, 3.0, 3.0, 4.0, 4.0, 3.0, 
11910, 4.5, 3.5, 2.5, 4.0, 5.0, 
9863, 3.5, 1.0, 3.0, 5.0, 2.0, 
16008, 4.0, 5.0, 3.5, 0.5, 4.0, 4.0, 4.5, 4.0, 5.0, 3.0, 4.0, 3.0, 2.0, 
5778, 3.5, 4.0, 5.0, 3.5, 4.0, 5.0, 3.0, 
3730, 5.0, 4.0, 5.0, 4.0, 3.5, 
7827, 5.0, 5.0, 5.0, 5.0, 5.0, 
7828, 4.0, 5.0, 3.0, 5.0, 5.0, 5.0, 5.0, 4.5, 3.5, 3.5, 5.0, 5.0, 4.5, 3.5, 4.5, 5.0, 5.0, 5.0, 5.0, 4.5, 4.0, 4.5, 5.0, 3.0, 5.0, 2.0, 5.0, 5.0, 4.5, 4.0, 2.0, 4.0, 
11929, 4.0, 5.0, 2.0, 2.0, 5.0, 0.5, 2.0, 4.0, 5.0, 1.0, 2.0, 3.0, 3.5, 2.5, 2.5, 3.5, 1.0, 0.5, 2.5, 1.0, 
9882, 5.0, 3.0, 2.0, 3.0, 5.0, 3.0, 2.5, 3.0, 3.5, 3.5, 3.5, 5.0, 4.0, 5.0, 3.5, 3.0, 5.0, 3.5, 4.0, 2.0, 2.0, 4.5, 4.0, 4.5, 3.5, 4.5, 5.0, 4.0, 5.0, 3.5, 5.0, 4.5, 4.5, 5.0, 3.5, 5.0, 4.0, 5.0, 5.0, 4.0, 0.5, 5.0, 1.5, 3.0, 4.0, 3.5, 5.0, 2.5, 
5788, 3.5, 4.0, 4.0, 4.0, 
13981, 3.0, 4.5, 4.5, 3.0, 
9886, 5.0, 3.0, 4.5, 2.5, 2.5, 5.0, 3.0, 2.0, 1.5, 3.5, 0.5, 1.5, 3.0, 3.0, 1.5, 4.0, 5.0, 2.0, 3.0, 1.5, 4.0, 4.0, 4.0, 2.0, 0.5, 5.0, 5.0, 3.0, 3.5, 2.5, 3.5, 5.0, 4.0, 4.0, 5.0, 4.0, 4.0, 2.5, 1.5, 5.0, 0.5, 2.5, 3.0, 3.5, 2.0, 5.0, 5.0, 4.0, 
5793, 5.0, 3.5, 3.5, 4.5, 4.5, 4.0, 4.0, 5.0, 3.0, 0.5, 5.0, 3.5, 3.0, 4.5, 5.0, 4.0, 4.5, 5.0, 3.5, 2.0, 5.0, 4.0, 5.0, 4.0, 5.0, 4.0, 5.0, 4.5, 3.5, 5.0, 4.0, 5.0, 4.0, 4.5, 5.0, 3.5, 5.0, 3.5, 4.5, 5.0, 4.0, 4.0, 
3750, 1.5, 4.5, 2.5, 4.0, 5.0, 2.0, 5.0, 4.5, 0.5, 3.0, 3.0, 5.0, 1.5, 3.0, 5.0, 3.0, 5.0, 5.0, 3.5, 4.0, 5.0, 3.0, 5.0, 5.0, 3.0, 3.0, 5.0, 4.5, 0.5, 
1703, 4.0, 2.0, 3.5, 5.0, 3.5, 5.0, 5.0, 4.0, 3.0, 3.0, 5.0, 5.0, 3.0, 1.5, 3.0, 4.5, 5.0, 5.0, 3.0, 5.0, 4.5, 4.5, 4.0, 3.5, 4.5, 5.0, 5.0, 4.0, 2.0, 5.0, 4.0, 2.5, 1.5, 5.0, 3.0, 3.0, 
3756, 3.0, 4.5, 4.0, 4.0, 4.0, 
5807, 5.0, 5.0, 3.5, 4.5, 3.0, 3.5, 
5814, 4.0, 1.5, 5.0, 5.0, 3.0, 4.0, 3.5, 4.5, 3.5, 
1719, 0.5, 2.5, 4.0, 4.0, 3.5, 4.5, 5.0, 
9913, 4.5, 5.0, 4.0, 4.0, 5.0, 3.0, 4.0, 
16063, 4.5, 3.0, 5.0, 3.5, 
7875, 4.0, 4.0, 0.5, 3.5, 5.0, 4.0, 3.5, 2.0, 2.0, 5.0, 5.0, 4.0, 4.0, 3.5, 
7879, 4.0, 5.0, 5.0, 3.0, 5.0, 1.5, 5.0, 5.0, 3.5, 3.0, 5.0, 5.0, 3.0, 3.0, 
1743, 3.5, 4.0, 4.5, 5.0, 5.0, 4.5, 
1744, 3.5, 4.0, 5.0, 4.0, 5.0, 2.0, 0.5, 4.5, 5.0, 2.5, 2.0, 3.0, 4.5, 
16082, 4.0, 1.0, 3.5, 1.0, 4.5, 1.0, 5.0, 4.5, 4.5, 1.0, 4.5, 4.0, 5.0, 3.0, 4.5, 3.5, 4.5, 5.0, 5.0, 2.0, 4.0, 4.0, 4.0, 5.0, 4.0, 5.0, 3.0, 2.5, 4.0, 3.0, 4.5, 3.5, 3.5, 4.0, 3.0, 3.0, 4.5, 3.0, 3.0, 5.0, 3.5, 
9940, 3.0, 3.0, 5.0, 5.0, 4.0, 5.0, 4.0, 
14039, 4.5, 3.5, 3.0, 4.0, 4.0, 3.0, 
1754, 4.5, 2.5, 4.5, 2.5, 5.0, 4.0, 3.5, 5.0, 4.5, 4.5, 
14042, 5.0, 5.0, 4.0, 3.5, 3.0, 
7899, 0.5, 4.0, 3.0, 1.0, 3.0, 
1757, 3.0, 5.0, 4.0, 4.0, 5.0, 0.5, 4.0, 1.5, 5.0, 1.0, 3.5, 4.0, 4.0, 4.0, 4.0, 5.0, 5.0, 0.5, 5.0, 5.0, 
11999, 5.0, 1.0, 4.5, 5.0, 5.0, 3.5, 5.0, 2.0, 5.0, 5.0, 5.0, 5.0, 0.5, 3.0, 3.5, 2.5, 3.5, 3.0, 4.0, 3.0, 1.5, 0.5, 3.0, 5.0, 3.5, 4.5, 5.0, 5.0, 
14047, 4.0, 3.5, 5.0, 4.5, 4.5, 2.0, 
14050, 2.0, 4.0, 4.0, 4.0, 3.5, 4.5, 3.0, 4.0, 3.5, 5.0, 5.0, 1.0, 5.0, 1.0, 5.0, 2.0, 3.0, 4.5, 5.0, 2.5, 4.0, 4.0, 3.5, 2.0, 3.0, 4.0, 4.0, 2.5, 4.0, 4.0, 4.5, 3.0, 4.5, 3.5, 4.0, 4.5, 5.0, 3.0, 0.5, 2.5, 3.5, 5.0, 3.5, 4.5, 3.5, 5.0, 5.0, 5.0, 4.5, 4.0, 3.5, 5.0, 3.0, 3.0, 1.0, 3.0, 0.5, 5.0, 4.0, 4.0, 3.0, 4.0, 
3813, 2.0, 5.0, 3.5, 2.5, 4.0, 5.0, 5.0, 5.0, 2.5, 3.5, 1.0, 5.0, 3.0, 2.0, 4.0, 4.0, 
5862, 5.0, 5.0, 4.5, 2.5, 5.0, 4.0, 4.5, 3.5, 5.0, 5.0, 4.5, 3.0, 5.0, 4.5, 3.0, 5.0, 5.0, 5.0, 3.0, 4.5, 5.0, 5.0, 5.0, 4.5, 4.5, 5.0, 0.5, 4.5, 4.0, 1.0, 5.0, 
9960, 5.0, 5.0, 4.5, 5.0, 4.0, 4.0, 5.0, 4.0, 4.0, 4.0, 5.0, 4.5, 3.5, 5.0, 5.0, 5.0, 4.5, 5.0, 4.5, 5.0, 4.0, 4.5, 5.0, 5.0, 5.0, 5.0, 3.0, 5.0, 5.0, 5.0, 3.0, 4.5, 3.5, 
14056, 5.0, 3.0, 1.0, 4.5, 5.0, 
3817, 5.0, 2.5, 4.5, 4.0, 3.0, 3.5, 5.0, 5.0, 2.0, 4.0, 5.0, 2.0, 
12014, 1.0, 5.0, 5.0, 2.5, 5.0, 2.5, 3.5, 3.5, 3.5, 3.0, 3.5, 4.5, 3.5, 3.0, 2.5, 4.5, 2.5, 0.5, 0.5, 4.0, 2.0, 0.5, 4.0, 3.5, 1.0, 
12015, 5.0, 3.0, 3.0, 4.5, 1.0, 
3824, 5.0, 4.0, 1.0, 3.5, 5.0, 4.5, 4.0, 2.5, 4.5, 5.0, 4.0, 1.0, 5.0, 1.5, 4.5, 5.0, 
16113, 4.0, 3.5, 4.0, 4.0, 2.5, 3.0, 2.0, 3.0, 4.5, 3.0, 5.0, 3.0, 5.0, 2.0, 5.0, 5.0, 3.5, 5.0, 4.0, 0.5, 5.0, 0.5, 4.5, 2.5, 2.0, 3.0, 5.0, 1.0, 
16118, 4.5, 3.5, 5.0, 3.5, 3.0, 
1792, 4.0, 0.5, 1.5, 4.0, 0.5, 3.0, 1.0, 0.5, 
7937, 4.0, 4.5, 4.5, 3.0, 4.5, 
12034, 4.0, 0.5, 0.5, 5.0, 3.5, 4.0, 4.0, 4.0, 4.5, 3.5, 4.5, 2.5, 3.0, 4.0, 4.0, 2.0, 4.5, 4.5, 4.0, 5.0, 5.0, 3.5, 4.5, 1.5, 5.0, 4.0, 4.0, 4.5, 4.5, 4.0, 2.5, 4.5, 4.0, 5.0, 4.5, 3.0, 
1798, 5.0, 2.0, 4.0, 3.5, 4.5, 4.0, 4.0, 5.0, 3.0, 4.0, 
5897, 1.0, 4.5, 4.5, 2.0, 0.5, 3.5, 5.0, 4.0, 4.0, 2.0, 5.0, 1.5, 3.0, 3.0, 1.5, 0.5, 
16139, 4.5, 5.0, 5.0, 5.0, 1.5, 5.0, 3.0, 4.0, 3.0, 5.0, 0.5, 3.0, 3.5, 5.0, 3.0, 
1803, 1.0, 2.0, 5.0, 3.0, 4.0, 3.5, 
3860, 5.0, 2.5, 3.0, 5.0, 3.5, 2.0, 5.0, 3.0, 3.0, 1.0, 3.0, 5.0, 4.0, 5.0, 1.5, 4.0, 4.0, 3.0, 5.0, 3.0, 2.0, 4.5, 3.0, 5.0, 5.0, 5.0, 3.5, 5.0, 2.0, 3.0, 4.0, 3.5, 4.0, 4.0, 1.0, 1.0, 4.5, 4.0, 4.0, 4.0, 2.0, 3.0, 4.0, 4.0, 5.0, 3.5, 2.5, 5.0, 4.0, 3.5, 5.0, 5.0, 2.0, 4.5, 5.0, 3.5, 5.0, 1.5, 3.5, 1.5, 2.0, 4.5, 1.5, 1.5, 2.5, 4.0, 5.0, 3.0, 3.0, 5.0, 4.0, 5.0, 1.0, 0.5, 4.0, 4.5, 3.5, 4.0, 2.5, 4.0, 4.0, 5.0, 2.0, 5.0, 5.0, 5.0, 2.5, 1.0, 5.0, 2.0, 4.0, 3.5, 4.0, 3.5, 4.5, 5.0, 5.0, 3.0, 0.5, 4.0, 2.0, 1.5, 2.0, 3.0, 2.5, 4.0, 3.5, 3.0, 4.0, 2.5, 1.5, 4.5, 4.5, 4.5, 3.0, 3.0, 5.0, 3.0, 3.0, 4.5, 4.0, 4.5, 3.5, 0.5, 4.0, 4.0, 2.5, 4.0, 3.5, 2.0, 3.0, 4.0, 4.0, 4.0, 4.0, 3.0, 5.0, 3.0, 5.0, 5.0, 5.0, 4.0, 2.5, 5.0, 4.0, 3.0, 4.5, 2.0, 4.0, 4.0, 5.0, 3.5, 5.0, 4.5, 3.0, 4.0, 4.0, 4.0, 5.0, 5.0, 2.0, 5.0, 3.5, 4.5, 3.0, 3.5, 3.5, 4.0, 2.0, 4.5, 3.5, 4.0, 3.5, 5.0, 3.5, 2.0, 5.0, 3.0, 5.0, 2.5, 4.0, 4.0, 3.0, 4.0, 1.5, 5.0, 4.5, 4.0, 4.0, 5.0, 2.5, 3.0, 4.0, 3.5, 5.0, 4.0, 3.0, 3.0, 3.0, 5.0, 3.0, 5.0, 5.0, 5.0, 3.0, 4.0, 3.0, 5.0, 3.0, 2.0, 2.5, 3.5, 5.0, 1.0, 4.5, 4.0, 3.5, 4.0, 2.0, 3.5, 5.0, 4.5, 0.5, 3.5, 3.0, 5.0, 1.0, 5.0, 2.0, 5.0, 5.0, 5.0, 3.0, 3.5, 3.0, 2.5, 4.0, 0.5, 5.0, 5.0, 3.5, 1.5, 5.0, 4.5, 4.0, 2.0, 3.0, 3.0, 5.0, 5.0, 4.5, 4.0, 3.0, 3.0, 4.5, 1.5, 5.0, 5.0, 3.5, 3.0, 3.5, 4.0, 2.5, 2.5, 4.5, 1.0, 4.0, 3.0, 5.0, 3.0, 5.0, 5.0, 4.5, 4.5, 5.0, 5.0, 5.0, 2.5, 3.5, 2.0, 5.0, 2.5, 3.5, 4.0, 1.5, 4.0, 5.0, 2.5, 3.0, 4.0, 4.0, 5.0, 3.0, 5.0, 3.0, 3.0, 4.0, 4.0, 4.5, 4.5, 4.0, 5.0, 3.5, 5.0, 3.5, 2.5, 3.5, 4.0, 3.5, 5.0, 4.0, 3.0, 5.0, 5.0, 3.0, 1.5, 3.5, 4.0, 3.5, 2.0, 4.0, 5.0, 2.5, 5.0, 5.0, 1.0, 2.0, 3.5, 5.0, 2.5, 5.0, 3.5, 2.0, 5.0, 3.0, 3.5, 3.5, 0.5, 4.0, 4.0, 5.0, 3.0, 3.0, 3.0, 4.0, 0.5, 3.5, 3.5, 5.0, 2.5, 3.5, 3.5, 5.0, 4.5, 4.0, 3.0, 3.0, 1.0, 3.5, 3.0, 5.0, 1.5, 3.5, 4.0, 3.5, 3.5, 5.0, 2.5, 3.5, 5.0, 2.5, 2.5, 3.5, 4.0, 3.0, 4.5, 3.0, 3.0, 3.0, 5.0, 2.5, 4.0, 1.0, 4.0, 5.0, 5.0, 3.0, 3.0, 4.0, 1.0, 4.0, 1.5, 5.0, 3.0, 3.0, 5.0, 2.0, 1.5, 3.5, 2.5, 4.0, 2.0, 4.0, 3.0, 4.0, 4.0, 4.0, 4.0, 1.5, 5.0, 3.5, 4.0, 4.0, 3.0, 0.5, 4.0, 4.0, 4.0, 2.5, 3.5, 4.0, 4.0, 4.0, 3.0, 4.0, 5.0, 3.0, 4.0, 1.0, 3.5, 3.5, 3.0, 3.0, 3.0, 2.5, 2.0, 2.5, 4.5, 3.0, 5.0, 3.0, 5.0, 5.0, 3.0, 
10004, 3.5, 4.5, 5.0, 5.0, 4.0, 5.0, 5.0, 
12052, 4.0, 4.0, 4.0, 3.5, 5.0, 3.0, 4.0, 
12054, 3.5, 5.0, 4.0, 3.5, 2.5, 3.0, 4.0, 5.0, 3.5, 3.5, 1.0, 5.0, 3.0, 
14103, 5.0, 5.0, 5.0, 2.0, 5.0, 1.0, 4.0, 5.0, 5.0, 5.0, 3.0, 5.0, 5.0, 5.0, 5.0, 3.0, 5.0, 3.0, 3.0, 5.0, 5.0, 2.0, 3.5, 5.0, 4.0, 3.0, 2.5, 4.5, 5.0, 3.0, 5.0, 3.5, 4.0, 5.0, 5.0, 4.5, 5.0, 3.0, 5.0, 5.0, 5.0, 5.0, 5.0, 5.0, 4.0, 5.0, 3.0, 5.0, 5.0, 4.0, 5.0, 5.0, 5.0, 5.0, 4.5, 5.0, 5.0, 5.0, 5.0, 5.0, 5.0, 3.0, 3.0, 5.0, 3.5, 4.5, 5.0, 5.0, 4.0, 5.0, 4.0, 5.0, 4.5, 3.0, 5.0, 3.5, 3.0, 5.0, 3.0, 5.0, 3.0, 5.0, 1.5, 5.0, 4.5, 5.0, 3.5, 5.0, 5.0, 5.0, 5.0, 2.5, 5.0, 4.5, 5.0, 5.0, 1.5, 1.0, 5.0, 4.5, 2.5, 4.0, 5.0, 3.0, 5.0, 1.0, 5.0, 1.5, 2.5, 4.0, 5.0, 3.5, 5.0, 4.0, 5.0, 5.0, 3.0, 3.0, 4.0, 5.0, 5.0, 5.0, 3.5, 4.5, 5.0, 5.0, 4.0, 5.0, 3.5, 5.0, 5.0, 3.0, 5.0, 5.0, 5.0, 3.0, 3.0, 3.0, 0.5, 4.0, 5.0, 5.0, 5.0, 5.0, 3.5, 4.5, 3.0, 3.5, 4.0, 5.0, 4.0, 3.5, 5.0, 5.0, 4.0, 4.5, 5.0, 1.0, 5.0, 5.0, 0.5, 4.0, 5.0, 4.0, 4.5, 5.0, 5.0, 3.5, 4.0, 5.0, 5.0, 5.0, 4.5, 5.0, 3.0, 5.0, 5.0, 5.0, 4.5, 5.0, 5.0, 3.5, 3.5, 5.0, 5.0, 5.0, 5.0, 5.0, 2.0, 5.0, 4.5, 4.0, 5.0, 4.5, 5.0, 5.0, 5.0, 2.0, 0.5, 5.0, 2.0, 4.0, 0.5, 5.0, 4.0, 4.5, 3.5, 5.0, 5.0, 1.0, 1.0, 4.0, 4.0, 4.0, 3.5, 5.0, 5.0, 5.0, 4.0, 2.0, 5.0, 5.0, 4.5, 5.0, 3.5, 5.0, 5.0, 3.0, 3.5, 4.5, 5.0, 4.0, 4.0, 5.0, 0.5, 5.0, 5.0, 4.5, 4.5, 1.0, 1.0, 5.0, 5.0, 5.0, 5.0, 5.0, 3.0, 4.0, 4.5, 5.0, 5.0, 5.0, 3.5, 4.0, 0.5, 4.0, 5.0, 5.0, 
3864, 4.0, 0.5, 4.0, 3.0, 5.0, 3.5, 3.5, 5.0, 4.5, 5.0, 5.0, 5.0, 1.0, 3.5, 5.0, 3.0, 4.0, 1.5, 4.5, 4.5, 3.5, 5.0, 4.0, 4.0, 4.5, 5.0, 4.5, 5.0, 4.0, 4.5, 5.0, 2.0, 5.0, 3.0, 4.0, 5.0, 1.0, 3.5, 3.0, 4.0, 5.0, 5.0, 5.0, 2.5, 3.0, 4.5, 2.5, 5.0, 4.0, 4.5, 4.5, 5.0, 4.0, 4.0, 3.0, 4.0, 5.0, 5.0, 3.5, 4.5, 4.0, 4.0, 5.0, 3.5, 5.0, 2.5, 0.5, 
14109, 2.5, 3.5, 3.5, 5.0, 2.0, 4.0, 5.0, 
3875, 4.0, 5.0, 4.5, 5.0, 3.5, 2.0, 4.0, 4.0, 4.5, 4.0, 
3879, 5.0, 5.0, 4.0, 5.0, 4.0, 5.0, 
12071, 5.0, 3.5, 2.5, 3.5, 3.5, 4.5, 4.0, 5.0, 4.0, 3.5, 3.5, 4.0, 5.0, 
16169, 4.0, 3.0, 4.0, 3.5, 2.0, 4.5, 1.0, 
12074, 5.0, 1.5, 5.0, 0.5, 4.0, 0.5, 5.0, 2.0, 5.0, 3.0, 5.0, 5.0, 3.5, 3.5, 4.0, 2.0, 4.5, 4.0, 2.0, 5.0, 4.0, 5.0, 3.5, 0.5, 5.0, 3.5, 5.0, 4.0, 5.0, 4.5, 5.0, 5.0, 4.0, 5.0, 4.0, 5.0, 4.5, 3.0, 3.0, 4.0, 4.0, 5.0, 4.5, 5.0, 0.5, 3.5, 5.0, 4.0, 
10027, 5.0, 4.0, 3.0, 4.0, 
10030, 4.0, 5.0, 4.5, 2.5, 1.5, 3.0, 4.0, 2.0, 5.0, 1.0, 4.0, 1.0, 3.5, 4.5, 4.0, 4.5, 3.0, 4.5, 3.5, 2.5, 4.0, 5.0, 5.0, 5.0, 5.0, 4.0, 1.0, 5.0, 1.0, 4.0, 2.0, 5.0, 3.5, 
10033, 3.5, 5.0, 4.0, 4.0, 4.0, 4.5, 5.0, 
3890, 3.5, 0.5, 5.0, 1.0, 3.0, 3.5, 2.5, 4.0, 2.5, 4.0, 3.0, 0.5, 4.0, 2.5, 3.0, 2.0, 1.0, 2.0, 4.0, 4.0, 4.0, 2.5, 3.0, 5.0, 1.0, 5.0, 
16178, 1.5, 3.0, 3.5, 
14131, 4.5, 2.5, 5.0, 5.0, 
7987, 3.0, 3.5, 2.5, 3.5, 3.5, 1.0, 3.0, 3.5, 
5939, 4.5, 4.5, 3.5, 5.0, 3.0, 5.0, 4.0, 2.0, 1.0, 3.5, 4.5, 1.0, 4.0, 4.5, 5.0, 3.5, 3.0, 3.5, 4.5, 3.0, 5.0, 3.5, 2.5, 3.5, 3.5, 3.5, 3.5, 5.0, 0.5, 3.5, 0.5, 5.0, 
1843, 0.5, 3.5, 3.0, 
12084, 3.0, 5.0, 5.0, 4.0, 5.0, 4.5, 3.5, 
7989, 3.0, 5.0, 5.0, 3.5, 2.5, 5.0, 4.0, 4.5, 5.0, 0.5, 5.0, 4.5, 4.0, 1.0, 5.0, 0.5, 3.5, 3.5, 4.0, 5.0, 4.0, 3.5, 4.0, 4.5, 5.0, 5.0, 4.0, 5.0, 4.5, 4.0, 3.5, 4.0, 4.5, 5.0, 4.0, 0.5, 5.0, 3.5, 3.5, 5.0, 3.5, 4.0, 4.0, 5.0, 5.0, 5.0, 4.5, 4.0, 5.0, 4.5, 3.5, 4.5, 
16181, 3.5, 3.0, 3.0, 3.0, 
14135, 5.0, 4.0, 3.5, 5.0, 5.0, 4.0, 5.0, 
10042, 4.0, 3.5, 3.5, 3.5, 4.0, 5.0, 4.0, 5.0, 5.0, 4.5, 5.0, 3.0, 4.0, 5.0, 5.0, 5.0, 5.0, 4.0, 3.5, 5.0, 3.5, 5.0, 5.0, 5.0, 5.0, 5.0, 3.0, 4.5, 4.5, 5.0, 4.5, 4.5, 3.5, 4.0, 
12090, 4.0, 3.5, 3.0, 0.5, 5.0, 4.0, 3.5, 
5946, 3.0, 4.0, 5.0, 5.0, 3.0, 4.0, 
12092, 4.0, 2.0, 0.5, 3.5, 1.5, 3.5, 3.0, 5.0, 3.5, 1.0, 3.0, 4.0, 4.0, 5.0, 0.5, 1.5, 0.5, 1.0, 3.5, 5.0, 0.5, 2.5, 3.0, 0.5, 2.5, 1.0, 5.0, 1.0, 1.0, 1.0, 0.5, 3.0, 1.0, 3.0, 1.5, 2.0, 
3900, 5.0, 5.0, 3.0, 3.0, 3.0, 4.5, 4.0, 4.5, 4.0, 4.5, 5.0, 
3905, 4.5, 4.0, 3.5, 4.0, 3.0, 3.5, 2.5, 4.0, 5.0, 3.0, 5.0, 4.0, 5.0, 3.0, 4.0, 4.0, 4.5, 
14149, 2.0, 4.0, 4.5, 4.0, 4.0, 3.5, 3.0, 4.0, 5.0, 4.0, 4.5, 3.5, 5.0, 4.5, 3.0, 3.0, 4.0, 
1861, 2.0, 3.5, 3.5, 4.0, 3.5, 5.0, 4.0, 3.0, 5.0, 2.0, 2.0, 5.0, 2.5, 4.0, 3.5, 
10053, 2.5, 5.0, 5.0, 3.0, 
12102, 4.0, 4.5, 5.0, 4.5, 5.0, 5.0, 3.5, 
1865, 5.0, 0.5, 5.0, 5.0, 4.5, 4.0, 5.0, 5.0, 4.0, 4.5, 4.0, 4.0, 4.0, 5.0, 4.0, 3.5, 2.5, 3.0, 4.5, 3.0, 4.5, 5.0, 4.5, 4.5, 5.0, 3.5, 3.5, 3.0, 4.5, 5.0, 2.5, 1.0, 3.5, 5.0, 4.5, 5.0, 3.0, 5.0, 4.0, 5.0, 3.5, 5.0, 3.0, 5.0, 4.0, 2.5, 5.0, 4.0, 3.5, 5.0, 4.0, 5.0, 
1867, 3.0, 4.0, 1.5, 4.0, 2.0, 5.0, 5.0, 
16203, 2.5, 4.0, 3.5, 3.0, 3.0, 4.5, 3.5, 
3917, 4.5, 5.0, 5.0, 4.0, 4.0, 4.0, 5.0, 3.0, 4.0, 4.0, 5.0, 5.0, 3.5, 5.0, 5.0, 5.0, 2.5, 5.0, 4.0, 4.0, 4.0, 4.0, 2.0, 5.0, 
5967, 3.5, 4.0, 3.0, 3.0, 5.0, 2.0, 2.0, 1.0, 3.5, 3.5, 2.5, 2.0, 5.0, 1.0, 0.5, 1.0, 3.5, 
3920, 3.0, 1.5, 2.5, 3.0, 5.0, 5.0, 4.5, 2.0, 3.0, 2.0, 3.5, 3.5, 3.5, 3.5, 0.5, 3.0, 2.5, 1.5, 
8016, 4.0, 3.0, 1.5, 5.0, 2.0, 0.5, 4.0, 
12115, 2.0, 5.0, 5.0, 5.0, 
3923, 4.0, 4.5, 2.0, 4.5, 4.0, 4.5, 
3925, 3.0, 2.0, 4.5, 4.0, 3.5, 3.5, 5.0, 3.5, 2.0, 3.5, 3.0, 3.0, 3.0, 3.5, 4.5, 3.5, 3.0, 3.5, 1.0, 3.5, 4.0, 0.5, 4.5, 3.5, 4.5, 0.5, 5.0, 1.5, 0.5, 1.0, 3.5, 5.0, 0.5, 4.0, 2.5, 5.0, 4.5, 1.5, 5.0, 
3935, 5.0, 3.5, 5.0, 4.0, 4.5, 4.0, 5.0, 
16223, 2.0, 4.0, 4.5, 
3936, 4.0, 4.0, 2.0, 4.0, 
3938, 4.5, 2.0, 3.5, 5.0, 2.5, 3.0, 3.5, 5.0, 5.0, 4.0, 3.0, 3.0, 5.0, 5.0, 1.0, 5.0, 3.5, 4.0, 5.0, 2.0, 5.0, 3.0, 3.0, 5.0, 5.0, 4.0, 4.0, 4.0, 4.0, 4.5, 5.0, 4.0, 3.5, 5.0, 3.5, 4.0, 4.5, 0.5, 4.0, 5.0, 0.5, 4.0, 3.5, 5.0, 4.5, 4.5, 4.0, 4.5, 5.0, 3.0, 5.0, 4.5, 4.0, 3.0, 4.5, 2.5, 4.0, 4.5, 3.5, 3.5, 3.5, 3.0, 5.0, 5.0, 5.0, 4.0, 1.5, 5.0, 5.0, 4.5, 3.0, 3.0, 3.0, 5.0, 3.5, 1.0, 4.5, 1.5, 3.5, 3.5, 4.5, 4.0, 5.0, 4.0, 4.0, 2.0, 2.0, 4.5, 3.0, 2.0, 3.5, 3.5, 3.0, 3.5, 4.0, 4.0, 5.0, 5.0, 2.0, 3.5, 4.0, 4.0, 3.0, 1.5, 4.0, 3.0, 4.0, 4.0, 4.0, 4.0, 3.0, 2.0, 1.5, 2.0, 2.0, 3.5, 5.0, 3.5, 5.0, 4.5, 4.0, 1.5, 3.0, 5.0, 4.0, 3.0, 5.0, 5.0, 3.5, 2.5, 5.0, 4.0, 4.0, 5.0, 2.0, 3.0, 5.0, 3.0, 5.0, 3.5, 4.0, 3.5, 4.0, 5.0, 2.5, 4.5, 1.0, 3.0, 2.5, 4.0, 3.0, 5.0, 5.0, 5.0, 5.0, 5.0, 2.5, 5.0, 3.0, 3.0, 3.0, 3.5, 3.0, 4.5, 2.5, 3.5, 4.0, 3.5, 2.0, 3.0, 5.0, 4.5, 4.0, 5.0, 3.0, 3.0, 3.0, 2.0, 5.0, 4.5, 3.0, 1.0, 1.0, 4.5, 3.5, 3.0, 5.0, 4.0, 3.0, 4.0, 3.0, 4.0, 0.5, 5.0, 3.5, 3.5, 3.0, 5.0, 5.0, 4.0, 2.5, 4.0, 1.0, 1.5, 5.0, 5.0, 5.0, 5.0, 3.0, 3.0, 3.5, 5.0, 5.0, 3.0, 3.0, 4.5, 3.0, 2.0, 3.0, 3.0, 3.0, 3.0, 3.5, 2.5, 4.0, 1.0, 4.5, 4.0, 5.0, 5.0, 4.0, 2.0, 5.0, 5.0, 0.5, 4.5, 3.0, 5.0, 4.5, 5.0, 5.0, 5.0, 4.5, 4.0, 3.0, 4.0, 4.5, 5.0, 5.0, 4.0, 5.0, 4.0, 4.0, 5.0, 5.0, 1.5, 3.0, 3.5, 3.5, 4.5, 5.0, 4.5, 1.0, 3.5, 3.0, 5.0, 3.0, 3.5, 5.0, 1.5, 5.0, 3.5, 3.0, 3.0, 3.0, 5.0, 4.0, 3.0, 4.0, 4.5, 5.0, 5.0, 5.0, 1.0, 5.0, 3.0, 4.0, 5.0, 2.5, 5.0, 3.0, 3.0, 1.0, 5.0, 5.0, 3.0, 3.0, 2.0, 4.5, 5.0, 4.5, 4.0, 4.0, 5.0, 3.0, 5.0, 3.0, 3.5, 5.0, 4.0, 3.5, 3.0, 3.5, 5.0, 3.0, 4.0, 3.5, 4.0, 5.0, 2.5, 4.0, 4.0, 3.0, 5.0, 2.5, 4.0, 3.0, 3.0, 3.0, 3.5, 4.0, 4.0, 3.0, 5.0, 4.0, 5.0, 3.5, 0.5, 4.0, 3.0, 4.0, 5.0, 3.0, 5.0, 3.0, 4.0, 3.5, 3.5, 4.5, 4.5, 5.0, 5.0, 4.0, 4.5, 5.0, 4.0, 4.0, 4.5, 3.0, 4.0, 5.0, 5.0, 5.0, 4.5, 5.0, 4.0, 4.0, 1.5, 1.0, 1.5, 4.5, 4.0, 3.0, 3.5, 3.0, 4.0, 4.0, 3.5, 3.5, 5.0, 4.0, 1.0, 5.0, 4.0, 3.0, 5.0, 5.0, 5.0, 2.0, 5.0, 3.0, 3.0, 2.0, 3.5, 4.5, 3.0, 3.5, 3.0, 5.0, 3.0, 5.0, 4.5, 5.0, 3.0, 5.0, 4.0, 5.0, 5.0, 1.0, 2.5, 4.0, 3.0, 5.0, 5.0, 3.5, 4.5, 5.0, 2.0, 4.0, 4.5, 5.0, 4.0, 3.5, 3.0, 2.5, 3.5, 4.0, 3.0, 5.0, 3.5, 5.0, 4.5, 1.0, 4.0, 2.5, 3.0, 1.5, 5.0, 0.5, 4.0, 4.5, 1.0, 5.0, 4.0, 3.0, 4.0, 1.5, 4.5, 3.0, 4.0, 3.0, 3.0, 3.5, 4.5, 1.0, 3.0, 3.0, 3.0, 4.5, 3.0, 2.5, 3.0, 4.0, 4.0, 4.0, 4.0, 4.0, 1.5, 5.0, 5.0, 
10082, 3.0, 5.0, 5.0, 5.0, 3.0, 
12130, 3.5, 
8038, 5.0, 4.5, 5.0, 5.0, 4.0, 3.0, 0.5, 4.0, 4.5, 4.0, 3.5, 3.5, 1.0, 5.0, 3.0, 5.0, 3.5, 3.5, 5.0, 4.0, 5.0, 3.0, 4.0, 3.0, 4.0, 5.0, 3.0, 5.0, 3.0, 0.5, 4.0, 5.0, 5.0, 4.0, 2.5, 3.5, 3.5, 1.0, 4.0, 3.5, 3.5, 4.0, 4.0, 
5991, 4.5, 4.0, 5.0, 4.5, 5.0, 0.5, 5.0, 5.0, 3.5, 5.0, 3.5, 5.0, 4.0, 3.0, 3.5, 0.5, 5.0, 5.0, 5.0, 4.5, 3.0, 2.0, 5.0, 1.0, 4.5, 5.0, 5.0, 5.0, 4.5, 0.5, 4.0, 4.0, 3.0, 3.0, 5.0, 4.5, 2.5, 3.0, 3.0, 5.0, 3.5, 3.5, 5.0, 0.5, 2.5, 4.5, 3.5, 5.0, 5.0, 5.0, 0.5, 3.5, 3.0, 4.0, 5.0, 4.5, 4.5, 4.0, 5.0, 4.0, 5.0, 5.0, 5.0, 5.0, 5.0, 3.0, 3.5, 5.0, 5.0, 5.0, 5.0, 3.0, 4.0, 4.0, 4.5, 4.5, 5.0, 3.0, 4.0, 5.0, 4.0, 5.0, 1.0, 5.0, 3.0, 1.5, 4.0, 5.0, 3.5, 4.5, 5.0, 4.0, 5.0, 5.0, 5.0, 3.0, 4.0, 5.0, 4.5, 5.0, 2.0, 5.0, 1.0, 2.5, 3.5, 5.0, 1.5, 5.0, 4.0, 1.5, 4.0, 5.0, 5.0, 2.5, 3.0, 4.0, 2.0, 5.0, 4.0, 5.0, 4.5, 4.0, 2.5, 5.0, 0.5, 3.0, 5.0, 5.0, 5.0, 1.5, 4.0, 4.5, 5.0, 5.0, 3.5, 0.5, 4.5, 5.0, 5.0, 4.0, 3.0, 5.0, 5.0, 5.0, 2.5, 5.0, 2.0, 3.0, 5.0, 0.5, 5.0, 5.0, 2.0, 5.0, 1.5, 4.0, 4.0, 5.0, 4.0, 4.0, 4.5, 5.0, 4.0, 3.5, 3.0, 4.0, 5.0, 0.5, 4.5, 5.0, 4.5, 1.5, 4.0, 4.0, 5.0, 4.0, 5.0, 0.5, 2.0, 3.5, 5.0, 4.0, 4.5, 5.0, 3.5, 0.5, 2.5, 4.0, 2.5, 5.0, 4.0, 0.5, 5.0, 5.0, 4.0, 2.0, 2.5, 1.0, 3.0, 5.0, 3.0, 4.5, 5.0, 4.0, 3.5, 5.0, 5.0, 5.0, 3.0, 3.5, 5.0, 0.5, 5.0, 4.0, 4.5, 4.5, 3.0, 3.5, 4.5, 3.5, 3.0, 1.5, 3.5, 4.5, 3.5, 2.0, 4.0, 4.5, 3.5, 4.5, 5.0, 4.5, 4.5, 5.0, 4.5, 4.0, 4.0, 3.5, 5.0, 5.0, 3.0, 5.0, 3.0, 3.5, 4.0, 5.0, 5.0, 
16236, 3.0, 3.0, 3.5, 3.5, 
1905, 5.0, 5.0, 4.0, 3.0, 5.0, 3.5, 4.0, 5.0, 5.0, 3.0, 4.5, 4.0, 5.0, 2.5, 5.0, 4.0, 5.0, 4.5, 4.0, 5.0, 4.0, 3.5, 5.0, 3.0, 5.0, 5.0, 5.0, 2.0, 5.0, 4.0, 4.0, 5.0, 3.0, 4.0, 5.0, 4.0, 3.0, 5.0, 3.5, 4.0, 5.0, 4.5, 5.0, 5.0, 4.5, 4.0, 5.0, 5.0, 3.0, 5.0, 3.5, 5.0, 5.0, 4.5, 4.0, 4.0, 5.0, 5.0, 5.0, 0.5, 4.5, 5.0, 3.0, 5.0, 3.0, 4.0, 5.0, 3.5, 5.0, 5.0, 5.0, 2.0, 4.0, 0.5, 5.0, 5.0, 3.0, 5.0, 5.0, 5.0, 5.0, 5.0, 5.0, 5.0, 4.5, 5.0, 5.0, 5.0, 5.0, 5.0, 4.0, 4.0, 4.0, 5.0, 5.0, 4.5, 5.0, 5.0, 5.0, 4.0, 4.0, 3.0, 3.5, 5.0, 5.0, 5.0, 5.0, 5.0, 5.0, 3.5, 3.5, 4.5, 4.5, 3.0, 5.0, 3.5, 3.0, 5.0, 4.0, 5.0, 5.0, 5.0, 4.5, 4.0, 3.0, 4.0, 4.5, 4.0, 4.5, 5.0, 3.5, 4.0, 4.0, 4.0, 5.0, 3.0, 5.0, 4.0, 5.0, 4.0, 5.0, 4.0, 4.5, 4.0, 3.5, 3.0, 3.5, 4.5, 3.0, 5.0, 3.0, 2.5, 4.0, 4.5, 4.0, 5.0, 5.0, 5.0, 4.0, 5.0, 4.5, 1.5, 5.0, 4.5, 5.0, 4.5, 4.5, 4.5, 4.5, 4.5, 5.0, 3.5, 3.5, 4.0, 5.0, 5.0, 3.5, 5.0, 3.0, 3.0, 5.0, 4.0, 4.5, 5.0, 3.5, 5.0, 3.5, 5.0, 4.0, 5.0, 4.0, 4.0, 5.0, 5.0, 4.5, 3.5, 5.0, 0.5, 4.5, 5.0, 5.0, 4.5, 5.0, 5.0, 5.0, 4.0, 5.0, 4.5, 4.5, 5.0, 5.0, 4.5, 4.5, 4.0, 4.0, 3.0, 5.0, 5.0, 5.0, 4.0, 5.0, 5.0, 4.0, 4.5, 5.0, 5.0, 5.0, 3.0, 5.0, 5.0, 3.0, 5.0, 5.0, 5.0, 5.0, 5.0, 5.0, 5.0, 3.0, 4.5, 5.0, 5.0, 5.0, 5.0, 5.0, 0.5, 5.0, 5.0, 2.0, 5.0, 5.0, 4.0, 4.5, 5.0, 1.0, 5.0, 3.5, 4.0, 4.0, 4.5, 3.0, 4.0, 3.5, 5.0, 4.5, 5.0, 5.0, 5.0, 5.0, 5.0, 4.5, 5.0, 3.5, 4.0, 3.0, 5.0, 3.5, 3.5, 5.0, 5.0, 4.5, 3.5, 4.5, 4.5, 5.0, 5.0, 4.5, 4.5, 5.0, 5.0, 4.5, 5.0, 5.0, 3.0, 5.0, 5.0, 5.0, 5.0, 5.0, 3.0, 5.0, 4.0, 4.5, 4.0, 4.5, 5.0, 4.0, 4.5, 5.0, 5.0, 5.0, 5.0, 5.0, 0.5, 5.0, 3.5, 2.0, 5.0, 3.5, 4.0, 5.0, 5.0, 5.0, 5.0, 3.5, 2.5, 2.5, 4.5, 3.5, 5.0, 5.0, 5.0, 5.0, 4.5, 5.0, 5.0, 5.0, 4.5, 4.0, 4.5, 5.0, 3.0, 5.0, 4.0, 5.0, 3.5, 5.0, 5.0, 5.0, 5.0, 4.0, 4.5, 4.0, 5.0, 5.0, 4.0, 5.0, 5.0, 4.0, 4.5, 4.5, 5.0, 5.0, 0.5, 5.0, 5.0, 3.0, 5.0, 4.5, 4.0, 4.5, 5.0, 4.5, 4.0, 3.5, 5.0, 5.0, 5.0, 3.0, 5.0, 5.0, 5.0, 4.5, 5.0, 4.0, 5.0, 4.0, 3.5, 3.0, 5.0, 3.0, 5.0, 4.5, 5.0, 5.0, 3.5, 4.5, 4.0, 4.0, 5.0, 5.0, 3.0, 3.5, 5.0, 5.0, 5.0, 1.5, 4.5, 5.0, 5.0, 3.0, 3.0, 2.0, 3.5, 2.5, 4.5, 3.0, 4.0, 4.0, 4.0, 3.5, 5.0, 5.0, 3.0, 3.5, 5.0, 2.0, 4.0, 2.5, 5.0, 3.0, 5.0, 4.5, 3.5, 5.0, 5.0, 4.0, 2.5, 4.0, 3.0, 5.0, 4.0, 5.0, 3.5, 3.0, 5.0, 5.0, 5.0, 4.0, 3.0, 3.5, 5.0, 4.0, 4.5, 4.0, 5.0, 5.0, 5.0, 3.0, 3.5, 2.5, 4.0, 3.5, 3.0, 5.0, 4.5, 4.5, 3.5, 4.0, 5.0, 5.0, 4.5, 4.0, 3.0, 4.5, 4.0, 4.0, 3.5, 1.0, 5.0, 3.0, 2.5, 5.0, 4.0, 4.5, 5.0, 5.0, 5.0, 4.5, 
6001, 4.0, 5.0, 3.5, 4.5, 
16242, 2.0, 4.0, 2.0, 1.5, 5.0, 3.5, 3.0, 3.5, 1.0, 5.0, 3.5, 4.5, 3.0, 3.5, 5.0, 3.0, 3.5, 3.0, 
12149, 3.5, 2.5, 2.0, 2.0, 
14198, 4.0, 5.0, 4.0, 4.0, 5.0, 5.0, 4.5, 4.0, 2.0, 4.0, 4.0, 4.0, 5.0, 4.0, 5.0, 
3962, 4.5, 3.0, 4.0, 4.0, 4.5, 4.0, 4.0, 5.0, 5.0, 5.0, 3.5, 5.0, 5.0, 5.0, 4.0, 4.0, 5.0, 1.5, 5.0, 1.5, 4.0, 5.0, 4.0, 5.0, 5.0, 4.5, 4.0, 4.0, 4.5, 5.0, 4.0, 3.0, 2.0, 5.0, 3.5, 5.0, 4.0, 4.0, 3.0, 5.0, 4.5, 4.0, 5.0, 5.0, 3.0, 4.0, 4.5, 3.5, 4.0, 4.0, 3.5, 3.0, 4.0, 5.0, 5.0, 5.0, 3.0, 0.5, 4.0, 1.0, 5.0, 4.0, 5.0, 5.0, 2.5, 4.0, 3.0, 5.0, 3.5, 5.0, 3.5, 1.5, 5.0, 2.0, 4.0, 4.5, 3.5, 5.0, 3.0, 5.0, 3.0, 3.0, 2.0, 5.0, 5.0, 4.0, 4.0, 5.0, 3.0, 4.0, 2.0, 3.0, 4.5, 4.0, 1.0, 4.5, 4.5, 4.0, 4.0, 0.5, 3.5, 5.0, 3.5, 4.0, 4.5, 3.0, 5.0, 4.5, 5.0, 2.5, 3.5, 5.0, 5.0, 4.0, 5.0, 4.0, 5.0, 4.0, 4.0, 5.0, 4.0, 2.5, 5.0, 4.0, 4.5, 3.0, 4.0, 3.0, 3.0, 4.0, 5.0, 4.0, 4.0, 3.0, 4.0, 4.0, 4.0, 5.0, 3.0, 3.5, 4.0, 3.5, 3.5, 4.5, 3.0, 1.0, 4.5, 5.0, 4.0, 5.0, 5.0, 5.0, 4.0, 5.0, 5.0, 4.0, 3.5, 5.0, 4.0, 4.5, 4.5, 5.0, 4.0, 5.0, 5.0, 5.0, 4.5, 4.0, 2.0, 3.0, 5.0, 3.5, 5.0, 4.5, 4.0, 5.0, 5.0, 5.0, 2.5, 4.0, 2.5, 4.0, 4.0, 3.0, 5.0, 1.5, 5.0, 5.0, 3.5, 4.0, 4.0, 4.0, 3.5, 5.0, 0.5, 4.0, 4.5, 5.0, 4.0, 4.0, 1.0, 4.5, 4.5, 5.0, 5.0, 4.0, 4.0, 3.0, 5.0, 5.0, 3.0, 5.0, 3.0, 5.0, 3.0, 1.5, 3.5, 5.0, 1.0, 5.0, 4.0, 4.0, 3.5, 5.0, 5.0, 2.5, 4.0, 4.0, 2.0, 4.0, 1.0, 3.0, 5.0, 4.0, 3.0, 4.5, 2.5, 3.5, 3.0, 5.0, 4.0, 4.0, 4.0, 4.5, 5.0, 4.0, 3.5, 5.0, 5.0, 2.0, 4.0, 4.0, 5.0, 3.0, 5.0, 5.0, 5.0, 5.0, 5.0, 5.0, 2.0, 4.0, 5.0, 4.5, 5.0, 4.0, 5.0, 4.5, 5.0, 5.0, 5.0, 5.0, 1.5, 4.0, 4.0, 4.5, 1.0, 4.0, 4.0, 2.0, 4.0, 4.5, 4.0, 5.0, 3.5, 4.5, 3.5, 5.0, 3.5, 5.0, 4.0, 2.0, 5.0, 3.0, 4.0, 4.5, 4.0, 3.5, 5.0, 5.0, 5.0, 5.0, 4.0, 4.0, 4.5, 5.0, 5.0, 5.0, 4.0, 4.0, 4.5, 5.0, 3.0, 4.0, 3.0, 5.0, 4.0, 3.5, 3.5, 5.0, 3.0, 3.5, 5.0, 4.5, 4.0, 4.0, 4.0, 3.5, 5.0, 4.5, 4.5, 4.5, 4.0, 3.5, 4.0, 3.5, 3.0, 3.0, 4.0, 4.5, 2.5, 5.0, 4.5, 5.0, 4.5, 5.0, 5.0, 5.0, 4.5, 5.0, 3.0, 3.5, 3.5, 4.5, 5.0, 3.5, 3.5, 4.0, 5.0, 2.5, 4.5, 3.5, 2.5, 2.0, 1.0, 3.5, 3.5, 5.0, 3.5, 4.0, 3.0, 5.0, 4.0, 4.0, 5.0, 4.0, 4.0, 1.0, 5.0, 4.0, 2.0, 2.5, 4.0, 5.0, 5.0, 3.0, 5.0, 5.0, 4.5, 4.0, 5.0, 5.0, 4.0, 5.0, 2.5, 5.0, 4.0, 3.0, 4.0, 4.0, 5.0, 5.0, 5.0, 5.0, 4.0, 4.0, 3.5, 4.0, 3.5, 5.0, 2.0, 5.0, 3.0, 4.5, 5.0, 5.0, 3.0, 3.5, 4.0, 3.5, 4.0, 5.0, 4.5, 4.5, 4.0, 4.0, 5.0, 3.0, 4.0, 3.0, 4.0, 3.0, 5.0, 4.0, 5.0, 4.5, 5.0, 3.5, 5.0, 3.5, 5.0, 4.0, 4.5, 5.0, 3.5, 3.0, 4.0, 5.0, 2.5, 3.5, 3.5, 4.5, 4.0, 3.5, 3.5, 5.0, 3.0, 5.0, 5.0, 4.0, 
14203, 3.5, 3.5, 3.0, 3.0, 3.0, 0.5, 0.5, 3.0, 4.5, 3.5, 0.5, 3.0, 5.0, 3.5, 2.5, 1.5, 3.5, 5.0, 3.0, 5.0, 3.5, 1.0, 0.5, 
6014, 4.5, 5.0, 3.0, 2.0, 5.0, 5.0, 2.5, 5.0, 2.0, 4.5, 3.0, 4.0, 0.5, 5.0, 0.5, 4.0, 5.0, 4.0, 1.0, 2.5, 4.0, 4.5, 0.5, 4.0, 3.5, 4.5, 3.5, 4.0, 3.5, 2.0, 0.5, 3.0, 1.0, 4.5, 4.0, 5.0, 5.0, 5.0, 4.0, 4.0, 3.0, 3.0, 1.0, 5.0, 3.0, 2.5, 3.5, 3.5, 1.0, 
3966, 5.0, 3.0, 5.0, 3.0, 4.0, 4.5, 3.5, 4.0, 1.5, 
12161, 5.0, 3.5, 5.0, 2.5, 3.5, 5.0, 4.0, 4.0, 4.5, 4.5, 5.0, 4.5, 4.5, 1.0, 5.0, 4.5, 4.5, 4.0, 4.0, 0.5, 4.0, 3.0, 4.0, 4.0, 3.5, 3.5, 3.0, 4.5, 2.5, 4.5, 3.0, 3.5, 3.5, 5.0, 4.5, 3.5, 4.5, 
14209, 5.0, 3.0, 1.5, 2.0, 5.0, 4.5, 4.5, 5.0, 3.0, 4.0, 5.0, 4.0, 3.5, 4.5, 3.0, 
14210, 5.0, 5.0, 4.0, 4.5, 4.0, 3.5, 3.0, 
14215, 3.0, 4.5, 
8072, 3.0, 4.0, 4.0, 4.5, 4.5, 5.0, 4.0, 5.0, 4.0, 5.0, 5.0, 5.0, 4.5, 3.0, 5.0, 4.0, 4.0, 3.5, 4.0, 4.0, 4.0, 5.0, 4.5, 5.0, 5.0, 3.5, 4.0, 3.5, 
14218, 5.0, 4.5, 3.5, 4.5, 4.5, 5.0, 3.5, 
10123, 3.5, 3.5, 1.5, 3.5, 
12172, 3.0, 3.0, 5.0, 4.0, 2.5, 3.5, 4.5, 4.5, 5.0, 5.0, 
6029, 3.0, 5.0, 3.0, 5.0, 1.0, 5.0, 5.0, 4.0, 4.0, 5.0, 4.5, 5.0, 5.0, 0.5, 5.0, 4.0, 4.5, 5.0, 4.5, 5.0, 1.0, 5.0, 5.0, 5.0, 5.0, 3.5, 4.5, 4.5, 4.0, 
6030, 5.0, 5.0, 3.5, 5.0, 3.5, 4.0, 4.5, 5.0, 4.0, 5.0, 5.0, 5.0, 4.5, 3.5, 
8079, 1.5, 5.0, 5.0, 5.0, 5.0, 5.0, 3.0, 5.0, 3.0, 5.0, 4.0, 4.0, 4.5, 3.5, 5.0, 5.0, 3.5, 5.0, 0.5, 2.5, 3.5, 3.5, 4.0, 4.5, 4.5, 2.0, 
16272, 4.0, 4.5, 4.5, 5.0, 5.0, 4.0, 3.5, 3.5, 5.0, 5.0, 3.0, 4.0, 4.0, 3.0, 4.0, 5.0, 0.5, 3.0, 5.0, 
6037, 4.0, 2.5, 4.0, 4.0, 2.0, 4.0, 5.0, 3.0, 4.0, 5.0, 5.0, 4.0, 3.0, 4.0, 4.0, 3.5, 4.0, 4.0, 4.0, 4.0, 5.0, 5.0, 3.0, 3.0, 4.0, 5.0, 3.0, 4.0, 4.0, 4.0, 3.5, 3.0, 5.0, 3.0, 1.0, 4.0, 3.0, 5.0, 
8086, 0.5, 4.5, 2.5, 3.5, 4.0, 0.5, 5.0, 4.0, 1.5, 3.0, 3.0, 4.0, 1.5, 3.5, 2.5, 3.0, 3.0, 4.5, 2.0, 1.0, 3.0, 2.5, 0.5, 2.0, 3.0, 1.5, 3.5, 4.0, 3.0, 1.5, 0.5, 3.5, 2.5, 4.5, 5.0, 0.5, 
1945, 2.5, 5.0, 5.0, 5.0, 5.0, 4.5, 4.5, 
6042, 2.5, 2.0, 3.5, 3.5, 0.5, 3.5, 5.0, 4.0, 0.5, 2.5, 3.0, 4.0, 5.0, 3.0, 0.5, 
16286, 3.5, 4.5, 5.0, 2.5, 5.0, 3.5, 4.5, 4.0, 3.0, 1.0, 4.0, 4.0, 5.0, 4.5, 5.0, 4.5, 
8099, 3.5, 2.5, 
14248, 2.5, 0.5, 1.0, 3.5, 3.5, 4.5, 1.5, 3.5, 0.5, 5.0, 2.5, 3.5, 
1962, 4.0, 3.0, 3.5, 3.5, 4.0, 5.0, 2.5, 3.0, 5.0, 4.0, 2.5, 4.0, 5.0, 5.0, 5.0, 4.0, 4.5, 5.0, 4.5, 4.0, 5.0, 3.0, 4.5, 2.5, 5.0, 4.0, 3.0, 3.5, 5.0, 3.5, 5.0, 4.5, 2.0, 5.0, 3.0, 4.0, 4.5, 5.0, 2.5, 3.5, 1.0, 4.5, 5.0, 3.5, 4.0, 5.0, 4.0, 3.5, 5.0, 3.0, 3.5, 5.0, 2.5, 4.0, 0.5, 4.5, 5.0, 4.0, 3.0, 0.5, 4.5, 3.0, 3.0, 3.5, 5.0, 4.5, 2.5, 5.0, 3.0, 4.0, 4.0, 2.0, 4.5, 4.0, 4.0, 5.0, 4.5, 3.0, 2.0, 3.5, 2.0, 3.5, 1.5, 2.5, 3.5, 5.0, 4.5, 5.0, 4.0, 5.0, 3.5, 2.5, 4.5, 4.0, 2.0, 4.0, 3.0, 4.0, 3.0, 2.5, 4.5, 3.0, 2.0, 4.0, 1.0, 2.5, 4.0, 3.0, 4.0, 2.5, 5.0, 4.5, 5.0, 4.0, 5.0, 5.0, 2.5, 4.0, 4.0, 3.5, 4.0, 3.5, 4.5, 5.0, 3.0, 3.0, 5.0, 1.0, 5.0, 4.5, 3.0, 3.0, 1.5, 4.5, 3.5, 3.5, 3.5, 4.5, 3.5, 2.5, 4.5, 4.0, 4.5, 3.0, 3.5, 3.0, 3.5, 5.0, 2.5, 5.0, 3.0, 4.5, 2.5, 4.0, 5.0, 1.5, 4.5, 5.0, 1.5, 4.0, 3.5, 4.0, 4.0, 3.5, 4.0, 3.0, 3.0, 5.0, 0.5, 5.0, 3.5, 4.0, 3.0, 4.0, 4.5, 4.0, 3.0, 4.5, 3.5, 4.0, 4.0, 4.0, 3.0, 3.0, 5.0, 3.5, 4.0, 2.0, 5.0, 3.5, 3.5, 3.0, 3.0, 3.0, 3.5, 3.0, 4.0, 2.5, 4.0, 3.5, 5.0, 1.0, 2.5, 2.0, 5.0, 3.5, 5.0, 4.5, 5.0, 2.0, 4.5, 4.0, 4.5, 4.0, 4.0, 4.5, 3.0, 0.5, 3.5, 4.0, 5.0, 5.0, 2.0, 5.0, 1.5, 4.0, 5.0, 5.0, 5.0, 3.0, 4.0, 3.5, 3.0, 4.0, 5.0, 4.0, 4.0, 3.0, 3.5, 5.0, 3.0, 4.0, 5.0, 4.0, 3.5, 3.0, 3.0, 5.0, 3.0, 4.0, 0.5, 4.0, 3.5, 1.0, 4.0, 3.0, 5.0, 5.0, 3.5, 5.0, 3.0, 3.5, 4.0, 3.0, 4.0, 1.5, 3.5, 5.0, 5.0, 4.5, 3.0, 4.5, 5.0, 5.0, 3.5, 3.0, 3.0, 3.5, 4.0, 3.0, 3.0, 2.5, 5.0, 4.0, 4.0, 2.0, 2.0, 2.5, 4.5, 4.5, 3.0, 4.0, 5.0, 2.0, 3.5, 3.5, 3.0, 3.0, 1.0, 4.0, 1.5, 3.0, 4.5, 5.0, 3.0, 4.0, 5.0, 4.5, 5.0, 2.0, 5.0, 4.0, 5.0, 3.0, 3.0, 3.5, 4.5, 1.5, 4.5, 5.0, 5.0, 3.5, 4.0, 5.0, 5.0, 5.0, 1.0, 4.0, 1.5, 0.5, 4.0, 3.5, 5.0, 4.0, 1.5, 5.0, 4.0, 4.0, 4.0, 2.5, 4.0, 4.5, 3.0, 3.0, 3.0, 4.0, 3.5, 5.0, 3.5, 5.0, 5.0, 3.0, 4.0, 5.0, 3.0, 3.5, 5.0, 3.0, 3.5, 3.0, 3.0, 5.0, 1.0, 1.0, 5.0, 3.5, 5.0, 3.5, 3.5, 3.5, 4.5, 4.5, 1.0, 3.5, 1.0, 3.5, 2.0, 4.5, 2.5, 4.0, 3.0, 1.5, 3.0, 3.5, 2.5, 5.0, 5.0, 5.0, 3.5, 2.0, 4.5, 3.5, 3.0, 2.0, 5.0, 3.0, 5.0, 2.5, 4.5, 5.0, 4.0, 4.5, 3.0, 4.0, 5.0, 2.5, 4.0, 4.0, 5.0, 4.0, 3.0, 2.5, 5.0, 3.0, 3.5, 3.5, 3.5, 5.0, 4.5, 4.0, 3.0, 5.0, 5.0, 
8108, 5.0, 3.5, 5.0, 4.0, 5.0, 3.0, 1.0, 5.0, 0.5, 5.0, 4.0, 3.5, 2.0, 4.5, 2.5, 4.0, 3.5, 3.5, 4.0, 1.5, 4.0, 3.0, 5.0, 5.0, 4.5, 4.5, 3.5, 5.0, 3.5, 4.5, 4.0, 4.0, 3.0, 3.5, 5.0, 3.5, 3.5, 4.0, 5.0, 5.0, 2.5, 2.5, 4.0, 3.5, 4.0, 5.0, 5.0, 4.0, 4.5, 4.5, 3.5, 4.0, 4.0, 5.0, 5.0, 4.5, 2.0, 4.5, 5.0, 5.0, 3.5, 2.0, 4.0, 4.0, 5.0, 3.5, 3.0, 4.0, 3.0, 4.5, 
6068, 4.0, 5.0, 5.0, 4.0, 3.0, 4.0, 3.0, 2.5, 5.0, 2.5, 
8117, 3.5, 2.0, 4.0, 5.0, 4.5, 4.0, 4.5, 
1975, 3.0, 1.0, 4.0, 2.5, 1.0, 3.0, 0.5, 0.5, 5.0, 4.0, 1.5, 3.0, 3.0, 5.0, 4.0, 2.5, 
10168, 3.0, 1.0, 3.0, 5.0, 1.0, 4.5, 5.0, 3.5, 2.0, 2.5, 0.5, 3.0, 5.0, 4.0, 4.0, 2.5, 2.5, 1.0, 4.5, 1.5, 4.0, 3.0, 5.0, 4.0, 5.0, 4.0, 4.0, 3.5, 3.0, 3.0, 3.0, 0.5, 3.0, 1.5, 5.0, 4.0, 1.0, 
10170, 3.0, 2.0, 2.0, 3.0, 4.0, 4.0, 1.5, 5.0, 5.0, 0.5, 4.0, 3.5, 4.0, 5.0, 3.5, 2.5, 3.0, 5.0, 4.5, 4.5, 5.0, 3.5, 5.0, 3.5, 3.0, 2.5, 1.5, 4.0, 5.0, 4.5, 3.5, 4.5, 5.0, 3.5, 1.0, 4.5, 2.5, 3.5, 4.0, 3.0, 2.0, 5.0, 
12221, 3.5, 5.0, 3.5, 4.5, 4.0, 3.5, 5.0, 
1983, 4.0, 1.0, 5.0, 4.0, 3.0, 3.5, 
12224, 0.5, 5.0, 2.0, 2.0, 5.0, 3.0, 5.0, 2.5, 2.0, 1.0, 0.5, 1.0, 5.0, 3.5, 3.5, 5.0, 3.5, 
14274, 3.0, 2.0, 3.5, 4.0, 2.5, 4.0, 3.5, 3.5, 
6085, 4.5, 5.0, 5.0, 
12232, 4.5, 4.0, 1.0, 3.0, 2.0, 4.0, 4.0, 4.5, 4.0, 4.0, 5.0, 2.5, 4.5, 1.0, 4.5, 4.5, 5.0, 
14280, 5.0, 5.0, 4.0, 3.5, 
4043, 3.0, 4.5, 4.0, 4.5, 5.0, 2.0, 5.0, 1.5, 3.5, 4.5, 3.5, 2.0, 3.0, 2.0, 5.0, 4.5, 0.5, 2.5, 4.0, 0.5, 4.0, 3.5, 2.0, 4.0, 4.5, 2.5, 5.0, 2.5, 5.0, 3.5, 4.0, 4.0, 4.5, 3.0, 1.5, 3.0, 4.0, 5.0, 5.0, 4.0, 3.5, 5.0, 3.0, 1.0, 4.0, 5.0, 2.0, 3.0, 
12238, 4.0, 2.5, 4.0, 1.5, 4.0, 0.5, 5.0, 3.5, 2.0, 0.5, 3.0, 1.0, 1.0, 3.5, 2.0, 4.0, 2.5, 1.0, 
2000, 4.5, 4.0, 1.5, 0.5, 5.0, 
6099, 5.0, 4.0, 5.0, 4.0, 3.5, 5.0, 2.0, 3.5, 5.0, 5.0, 
16339, 3.5, 3.0, 2.5, 1.5, 3.5, 3.5, 4.5, 3.5, 3.0, 3.5, 4.0, 4.0, 3.5, 3.0, 2.5, 3.0, 5.0, 2.0, 
16340, 3.0, 3.0, 1.0, 5.0, 5.0, 4.0, 1.5, 
12244, 2.5, 3.5, 1.5, 2.0, 0.5, 4.0, 
10198, 2.0, 2.0, 3.0, 3.0, 4.0, 5.0, 2.0, 3.0, 3.0, 5.0, 4.5, 3.0, 1.0, 0.5, 2.0, 5.0, 3.0, 3.0, 3.5, 4.0, 
4056, 4.5, 4.0, 4.0, 2.0, 3.0, 5.0, 2.5, 3.0, 2.0, 2.0, 5.0, 3.0, 2.5, 5.0, 1.5, 1.0, 
2009, 3.0, 5.0, 3.5, 
8160, 5.0, 5.0, 3.0, 4.0, 
10212, 4.0, 2.0, 3.0, 4.0, 
16357, 4.5, 2.0, 4.0, 1.0, 4.0, 1.0, 5.0, 3.0, 2.0, 4.0, 4.0, 5.0, 2.0, 5.0, 5.0, 3.5, 
12262, 5.0, 3.5, 3.5, 1.0, 3.0, 3.5, 5.0, 5.0, 3.5, 4.0, 4.5, 4.0, 4.0, 3.0, 4.0, 5.0, 
6119, 4.0, 3.5, 3.0, 0.5, 3.5, 4.0, 3.5, 3.0, 
14312, 4.5, 5.0, 2.5, 3.0, 3.0, 3.5, 4.5, 4.5, 4.5, 5.0, 5.0, 5.0, 3.0, 4.0, 3.0, 1.0, 5.0, 2.5, 3.5, 1.0, 3.5, 4.5, 4.0, 4.0, 3.5, 3.5, 3.0, 3.0, 5.0, 4.0, 4.5, 2.0, 5.0, 4.0, 5.0, 5.0, 3.5, 4.5, 4.0, 3.0, 4.5, 4.0, 4.5, 2.0, 4.5, 3.0, 4.5, 3.5, 4.0, 4.0, 3.5, 4.0, 2.5, 4.0, 3.0, 3.0, 3.5, 2.5, 2.5, 4.0, 5.0, 4.0, 5.0, 3.5, 5.0, 4.0, 4.0, 
14313, 0.5, 4.5, 5.0, 3.0, 4.0, 4.0, 3.0, 3.5, 4.0, 4.5, 0.5, 3.5, 5.0, 4.0, 4.0, 4.0, 4.0, 4.5, 3.5, 3.0, 3.0, 4.0, 
14317, 1.0, 4.5, 3.5, 0.5, 4.0, 
8174, 3.0, 5.0, 4.5, 1.5, 
10225, 5.0, 5.0, 2.0, 5.0, 1.5, 5.0, 5.0, 4.0, 3.5, 4.5, 4.0, 5.0, 3.0, 3.0, 4.0, 4.0, 3.0, 1.5, 3.0, 3.5, 1.5, 3.0, 
10229, 3.5, 4.0, 5.0, 2.5, 3.5, 
6133, 2.0, 3.0, 3.0, 3.5, 4.0, 
6134, 5.0, 3.5, 3.5, 4.5, 4.5, 4.0, 0.5, 4.5, 4.5, 5.0, 4.0, 5.0, 4.0, 2.5, 4.0, 
10231, 4.5, 5.0, 3.5, 2.0, 5.0, 4.0, 5.0, 5.0, 3.5, 
12280, 5.0, 5.0, 5.0, 2.5, 4.0, 
16377, 5.0, 5.0, 5.0, 4.5, 3.5, 2.5, 5.0, 5.0, 3.5, 3.0, 3.5, 3.5, 4.0, 4.5, 4.5, 4.5, 5.0, 0.5, 5.0, 3.5, 5.0, 4.5, 4.5, 4.0, 3.5, 4.0, 4.0, 5.0, 4.5, 4.0, 4.5, 3.5, 5.0, 5.0, 5.0, 3.5, 5.0, 4.0, 
