246437552, 20.0
213462205, 24.0
612775043, 16.0
328651667, 19.0
324848473, 18.0
792708922, 16.0
244276871, 61.0
211737751, 18.0
329735083, 21.0
828735861, 19.0
424231257, 26.0
364103073, 20.0
586435296, 16.0
794031942, 23.0
781409924, 96.0
586937063, 36.0
123926398, 16.0
241405566, 18.0
837741041, 15.0
532807655, 20.0
212728964, 30.0
246222464, 15.0
784498412, 16.0
787330755, 16.0
243541674, 61.0
96155029, 32.0
284942537, 17.0
784182927, 8.0
464395158, 132.0
33006030, 22.0
183399123, 28.0
514438807, 13.0
99042777, 21.0
265947109, 18.0
488340772, 21.0
782026460, 56.0
784385670, 18.0
785770131, 74.0
479255767, 17.0
603208636, 84.0
770024876, 26.0
69700718, 20.0
821045437, 35.0
688535902, 72.0
371822205, 24.0
241862206, 18.0
469250990, 20.0
62933911, 18.0
291289355, 50.0
550240405, 34.0
785079957, 24.0
771237286, 29.0
788506271, 47.0
784084701, 19.0
788694880, 23.0
635483523, 37.0
337392760, 20.0
727595834, 28.0
519405200, 44.0
822733164, 55.0
608156760, 17.0
559972621, 116.0
180245201, 37.0
787035803, 93.0
47069882, 96.0
204233817, 18.0
199416727, 24.0
640824907, 18.0
188013389, 20.0
610585630, 20.0
585517670, 21.0
248639056, 13.0
434723176, 19.0
148930660, 11.0
800253750, 31.0
313506342, 33.0
334967677, 26.0
751252557, 35.0
787574397, 19.0
836507980, 20.0
361061653, 16.0
785047131, 16.0
786632306, 36.0
337894577, 53.0
591377321, 24.0
784119339, 38.0
189402067, 22.0
245147141, 24.0
154624426, 19.0
608744663, 22.0
347524119, 20.0
759272928, 18.0
598147846, 20.0
46375525, 35.0
195697409, 21.0
705645218, 19.0
227755325, 16.0
806271136, 69.0
353371552, 86.0
678101211, 115.0
252512188, 20.0
625970683, 19.0
221130137, 20.0
215639149, 35.0
127026985, 16.0
252401590, 16.0
789125044, 83.0
781594152, 40.0
788651966, 24.0
180156931, 18.0
511336126, 28.0
313129581, 24.0
784242299, 27.0
781801055, 59.0
390901636, 20.0
136696047, 20.0
168405721, 21.0
310743637, 16.0
212747390, 36.0
787275324, 17.0
781041245, 42.0
725492717, 24.0
781282882, 22.0
388595711, 22.0
782710398, 124.0
783505001, 38.0
223171990, 18.0
552560690, 15.0
367590709, 23.0
808063221, 112.0
241073793, 24.0
519988766, 60.0
801408806, 29.0
41636510, 26.0
588577778, 19.0
788690916, 76.0
407879848, 16.0
260978535, 68.0
234784013, 20.0
612744307, 85.0
157393302, 57.0
115209767, 24.0
53849038, 36.0
545992816, 26.0
279101535, 19.0
73784475, 42.0
802578217, 18.0
460368496, 39.0
566796481, 40.0
451464165, 72.0
367373547, 20.0
138758484, 18.0
798883471, 16.0
194484865, 20.0
361524375, 12.0
219128851, 30.0
635208897, 17.0
664700544, 18.0
179581867, 16.0
836364537, 26.0
603028179, 23.0
395611825, 40.0
229479562, 16.0
780722095, 26.0
323586657, 87.0
838717649, 16.0
60809906, 61.0
577598300, 41.0
842312455, 63.0
786753488, 52.0
129713806, 22.0
386502207, 21.0
278454702, 80.0
780494780, 55.0
11049361, 30.0
645279563, 56.0
397344400, 145.0
224193635, 27.0
437853017, 52.0
785973144, 31.0
799909614, 51.0
167266493, 62.0
342701355, 24.0
290531354, 23.0
213353979, 155.0
424013845, 14.0
338374010, 22.0
152741967, 16.0
456850028, 40.0
263456493, 37.0
226438178, 27.0
322306664, 92.0
158179343, 140.0
512028648, 41.0
423475283, 16.0
349367713, 21.0
788453258, 20.0
429488364, 40.0
384065426, 18.0
255346254, 16.0
410984709, 51.0
586980230, 36.0
629142532, 40.0
183106410, 86.0
780640003, 31.0
573127591, 21.0
37714862, 17.0
782548790, 28.0
237047732, 25.0
487976067, 24.0
134920595, 23.0
448123695, 29.0
23199993, 43.0
350035270, 16.0
181605198, 52.0
846992346, 23.0
806496698, 16.0
267751005, 22.0
695523549, 16.0
788879023, 14.0
784287507, 20.0
608587243, 15.0
282460537, 16.0
628704459, 22.0
789206713, 16.0
781545249, 22.0
42345266, 24.0
219757788, 18.0
58190513, 19.0
781596511, 24.0
439399418, 36.0
269554138, 18.0
546515295, 36.0
501072912, 14.0
803223085, 113.0
707253239, 53.0
610172298, 23.0
279402866, 47.0
780990299, 50.0
736311865, 15.0
785944326, 30.0
588131054, 22.0
166176774, 17.0
303229936, 13.0
399150632, 26.0
548006221, 20.0
729299612, 27.0
167614491, 20.0
802987574, 22.0
562466922, 12.0
540322264, 78.0
411146604, 16.0
821471492, 51.0
221381824, 20.0
784947004, 17.0
749010270, 72.0
163663935, 19.0
268008966, 17.0
19866415, 38.0
405412395, 20.0
226365307, 19.0
574521400, 27.0
322273594, 20.0
493715298, 24.0
594026874, 24.0
831642500, 104.0
149107449, 29.0
420762383, 16.0
330459564, 18.0
688370471, 28.0
412326578, 16.0
698119103, 25.0
747974326, 16.0
266290682, 17.0
626167671, 20.0
487141166, 23.0
743124577, 23.0
247672040, 24.0
725211413, 37.0
493631296, 90.0
362885007, 76.0
458717561, 60.0
341689970, 18.0
221947658, 24.0
835265530, 16.0
250971328, 29.0
148132590, 52.0
187316496, 16.0
152290093, 40.0
547590812, 54.0
783293681, 34.0
168562766, 25.0
256705807, 16.0
469100982, 18.0
621551439, 24.0
780790976, 19.0
789538115, 24.0
788346029, 44.0
781401282, 18.0
245880052, 26.0
245368054, 20.0
787426485, 21.0
259714336, 27.0
786551996, 32.0
788266142, 17.0
116388999, 53.0
667420065, 29.0
209622549, 20.0
253224316, 120.0
591827241, 24.0
377986289, 80.0
378266867, 47.0
293581823, 24.0
244450327, 18.0
781841438, 17.0
783600700, 36.0
448901193, 48.0
609160903, 52.0
147956312, 21.0
666271032, 44.0
249154646, 20.0
75759123, 35.0
365565784, 41.0
646519839, 16.0
205516454, 117.0
354123652, 24.0
584376395, 54.0
795133382, 36.0
512693293, 79.0
356140956, 17.0
365795174, 23.0
769699660, 16.0
132709700, 26.0
816974367, 24.0
235039916, 40.0
391808501, 18.0
790785421, 23.0
469929651, 22.0
389307783, 21.0
431942408, 39.0
857801112, 25.0
483139191, 16.0
785501290, 16.0
208787120, 18.0
77862502, 66.0
201643712, 24.0
114398228, 18.0
287335403, 42.0
831902554, 46.0
219578311, 17.0
271323901, 16.0
614557300, 56.0
415003236, 21.0
514444405, 19.0
593629568, 23.0
156953529, 18.0
811977345, 23.0
673706691, 28.0
806267627, 23.0
434717440, 49.0
394251670, 16.0
33342225, 19.0
194087292, 32.0
474371755, 45.0
781935732, 39.0
782251092, 17.0
353310713, 22.0
555697128, 16.0
473919174, 16.0
784153670, 16.0
747585139, 12.0
522046945, 19.0
163025590, 16.0
767942343, 24.0
771184371, 21.0
259255415, 18.0
571529493, 17.0
658764869, 105.0
568646370, 18.0
232322768, 24.0
634218180, 26.0
785419738, 71.0
396221590, 83.0
791270437, 17.0
14660562, 31.0
92464780, 17.0
497280691, 21.0
407421785, 124.0
447869346, 16.0
645545325, 16.0
625997399, 19.0
607182638, 33.0
277060515, 49.0
276192087, 15.0
28396180, 40.0
145927060, 16.0
448565659, 60.0
465860845, 37.0
341024634, 37.0
683152274, 18.0
233887451, 20.0
676375419, 18.0
838023903, 29.0
162779805, 48.0
781688248, 47.0
389966862, 28.0
316834259, 41.0
519632331, 28.0
451394002, 25.0
206720871, 23.0
556196368, 18.0
171548928, 24.0
784915955, 16.0
781458856, 21.0
783611275, 26.0
781899228, 52.0
61206764, 26.0
243981760, 18.0
340367109, 20.0
234540725, 21.0
178430448, 16.0
781438400, 16.0
376411449, 27.0
781481411, 18.0
162048752, 23.0
781100502, 20.0
786521529, 36.0
837526193, 21.0
444912095, 16.0
476387131, 19.0
787156362, 28.0
781557238, 49.0
379856320, 64.0
621235811, 32.0
270078844, 21.0
579979767, 16.0
313977311, 16.0
41191710, 24.0
237831491, 20.0
781792759, 14.0
840198523, 27.0
786578832, 14.0
478494705, 20.0
848398820, 14.0
496551661, 26.0
801430716, 115.0
681157600, 20.0
509142309, 24.0
159458047, 17.0
227462667, 16.0
514833706, 149.0
794105053, 16.0
724189346, 22.0
347756339, 56.0
453429388, 24.0
311404804, 30.0
781178138, 9.0
782800190, 21.0
563110407, 34.0
790647994, 89.0
233049727, 20.0
388342968, 16.0
5082066, 100.0
130788456, 20.0
633925219, 16.0
258536644, 16.0
175477210, 30.0
188614799, 47.0
209841, 24.0
749903622, 27.0
4672496, 21.0
200296520, 73.0
231708277, 20.0
488566432, 24.0
154436341, 31.0
352798402, 20.0
829244072, 15.0
359112352, 54.0
709478785, 39.0
577374627, 16.0
275067820, 28.0
769979950, 21.0
470675399, 28.0
784326003, 38.0
232357396, 26.0
532321396, 18.0
321001715, 38.0
163791382, 46.0
228421185, 16.0
522460410, 72.0
783791465, 16.0
713814376, 20.0
265051179, 20.0
289231578, 16.0
303241716, 43.0
422783706, 20.0
28949075, 36.0
781452666, 21.0
185383160, 18.0
804623362, 17.0
377169292, 16.0
380298578, 32.0
580714853, 22.0
196003927, 23.0
288293589, 16.0
307120560, 28.0
527320209, 89.0
454475540, 16.0
140086362, 21.0
202829854, 37.0
584085184, 46.0
161191306, 28.0
283321589, 24.0
791104315, 16.0
599594905, 18.0
677264505, 20.0
396997505, 22.0
826060054, 79.0
173231736, 23.0
195995522, 28.0
807459858, 16.0
364702095, 22.0
219394345, 18.0
7484493, 46.0
471609379, 29.0
85807454, 16.0
309810740, 21.0
512008896, 36.0
252992350, 17.0
834106877, 15.0
240015874, 39.0
215265412, 20.0
462020568, 20.0
150447268, 33.0
351731887, 81.0
730851286, 17.0
134741083, 24.0
134386787, 35.0
781660927, 4.0
357439781, 21.0
259891980, 19.0
543941656, 20.0
73273385, 33.0
323092281, 17.0
830688761, 27.0
383890077, 28.0
221909318, 21.0
511933183, 16.0
190895900, 19.0
791720782, 20.0
178226912, 36.0
49530483, 17.0
9997336, 75.0
193814284, 20.0
760259030, 31.0
347209787, 61.0
491850202, 21.0
691338681, 58.0
149288042, 28.0
238832300, 55.0
718706246, 52.0
433339717, 24.0
85168513, 25.0
154631585, 53.0
784374360, 39.0
425563588, 18.0
238867109, 21.0
358646269, 72.0
786678339, 20.0
378126888, 16.0
41051857, 25.0
214866024, 16.0
100503885, 29.0
84296125, 28.0
404419745, 16.0
669133662, 26.0
6530270, 16.0
192200650, 52.0
126069564, 21.0
274023570, 19.0
788175408, 20.0
805711052, 53.0
770105643, 17.0
263678840, 49.0
780491349, 24.0
547705972, 20.0
788439596, 44.0
341158016, 17.0
781658689, 48.0
361517397, 20.0
133425939, 23.0
790549503, 35.0
60903235, 13.0
402019089, 17.0
232374577, 19.0
226359700, 28.0
481013829, 16.0
577048203, 26.0
487567871, 28.0
472537304, 12.0
368562435, 77.0
150168583, 18.0
333338411, 16.0
284556288, 16.0
428010872, 16.0
95482, 38.0
639955679, 89.0
221624779, 17.0
163980600, 17.0
390917043, 24.0
240435883, 85.0
789430796, 60.0
781855643, 32.0
439277354, 34.0
847486855, 80.0
370733854, 27.0
835542219, 37.0
32814323, 17.0
237259555, 16.0
529949329, 24.0
27438250, 54.0
84736004, 38.0
511685494, 18.0
302225161, 24.0
780757892, 58.0
502604026, 20.0
352448532, 25.0
15750629, 27.0
297649317, 23.0
412231049, 16.0
295531651, 22.0
202766602, 17.0
19006525, 25.0
533426925, 31.0
786105330, 22.0
458425978, 22.0
444022621, 27.0
336730401, 20.0
169234213, 16.0
781829039, 49.0
268309193, 18.0
12848633, 63.0
703759543, 20.0
501700769, 17.0
168105794, 16.0
633723021, 30.0
650525581, 32.0
787520443, 27.0
783688701, 17.0
374696730, 7.0
256938496, 16.0
817309157, 30.0
786475955, 17.0
859471469, 24.0
359696424, 26.0
357310484, 31.0
785152918, 19.0
336531795, 20.0
125049384, 43.0
79980955, 20.0
788777570, 16.0
781939705, 54.0
768501933, 20.0
144600573, 24.0
781011945, 16.0
795273730, 22.0
781339641, 17.0
790047353, 20.0
787116954, 38.0
325377558, 25.0
475717929, 17.0
272995635, 16.0
315760554, 20.0
801028806, 14.0
506153809, 24.0
207882527, 40.0
783066064, 28.0
1666459, 34.0
402477694, 22.0
842119092, 17.0
105759681, 44.0
295513107, 44.0
234090594, 20.0
634030169, 31.0
312313608, 35.0
475912650, 41.0
220838065, 20.0
783424299, 73.0
144379136, 26.0
469108318, 8.0
58666707, 38.0
191174344, 19.0
808310147, 26.0
174682072, 26.0
433357927, 36.0
786099049, 43.0
265849454, 19.0
684678521, 38.0
244745006, 12.0
216109406, 20.0
373681146, 20.0
158121132, 35.0
156441746, 26.0
186222301, 16.0
185499339, 20.0
784509700, 42.0
553979085, 120.0
243854146, 20.0
558617729, 16.0
137141734, 20.0
343593398, 57.0
157838523, 28.0
216318256, 51.0
780548947, 38.0
345715020, 22.0
594216636, 27.0
118246102, 104.0
338440689, 52.0
633952279, 22.0
372909028, 20.0
465307230, 14.0
703325199, 19.0
414309721, 18.0
789310178, 23.0
368766998, 34.0
535630336, 17.0
186805967, 8.0
194780785, 16.0
226406547, 24.0
781579128, 15.0
206907835, 16.0
605114879, 22.0
781988723, 133.0
241169327, 19.0
174808986, 26.0
541640121, 17.0
212951363, 22.0
276682126, 64.0
781638498, 17.0
394957436, 20.0
112079705, 21.0
697242744, 20.0
798337645, 27.0
234430465, 21.0
470202874, 22.0
782119779, 32.0
738123267, 19.0
59485578, 16.0
510283887, 69.0
784324792, 36.0
269676053, 77.0
307971155, 112.0
269106688, 16.0
628566905, 22.0
204333629, 20.0
479349376, 20.0
470712858, 16.0
799707582, 73.0
787118335, 87.0
12635861, 21.0
781680769, 22.0
503873552, 21.0
787433718, 21.0
505167878, 16.0
298336212, 16.0
446395527, 22.0
771167209, 23.0
246579373, 23.0
6960757, 30.0
83964709, 12.0
347335319, 12.0
325793102, 20.0
131242487, 50.0
38081652, 22.0
403641918, 16.0
195851678, 55.0
786313450, 20.0
265689568, 19.0
136203814, 24.0
466898413, 20.0
226190144, 24.0
347173517, 42.0
272864893, 19.0
245682405, 11.0
373071992, 22.0
712205367, 95.0
641292414, 27.0
782020817, 46.0
154058592, 14.0
292087609, 34.0
155512599, 36.0
648108281, 41.0
798872004, 20.0
793757974, 24.0
7941657, 71.0
818822829, 16.0
586130571, 17.0
173823032, 20.0
781779196, 63.0
241107002, 26.0
468882837, 20.0
462087650, 18.0
785778876, 41.0
617749182, 16.0
270706254, 23.0
130974138, 20.0
786483349, 18.0
73007655, 24.0
8302080, 70.0
819553883, 22.0
785545296, 17.0
450819165, 18.0
8816133, 41.0
120435113, 20.0
493233122, 45.0
161115935, 19.0
781934621, 20.0
228332304, 30.0
786032724, 20.0
784191536, 26.0
188964300, 24.0
8496657, 30.0
788308077, 30.0
499184466, 13.0
545492502, 29.0
787621988, 19.0
600804694, 24.0
627864566, 16.0
536543590, 25.0
416253522, 15.0
833236789, 54.0
400869710, 25.0
169084095, 17.0
349825652, 46.0
89871349, 28.0
385767504, 6.0
661520860, 17.0
450735214, 30.0
357630950, 20.0
321498512, 16.0
75016898, 75.0
144756254, 15.0
690835439, 15.0
785811477, 52.0
833599339, 25.0
550098446, 48.0
793887126, 19.0
684906010, 30.0
638269632, 27.0
155631498, 17.0
14118426, 16.0
548390523, 76.0
570969308, 20.0
759597979, 20.0
610022019, 17.0
740833992, 37.0
401889555, 19.0
831678331, 21.0
781406330, 24.0
229407558, 31.0
751641127, 37.0
216594947, 16.0
121364951, 20.0
512149610, 24.0
293840749, 27.0
780748923, 28.0
426618778, 27.0
160907117, 26.0
213183050, 25.0
771226377, 18.0
785621036, 88.0
401094888, 31.0
793845842, 37.0
204837686, 90.0
167247602, 36.0
179832255, 74.0
336634649, 21.0
828098135, 100.0
16924173, 33.0
781588889, 16.0
136533804, 52.0
153556535, 32.0
23285361, 56.0
116666855, 125.0
445425049, 20.0
227152541, 10.0
720827873, 41.0
802021589, 20.0
790739000, 29.0
290895434, 107.0
795924591, 17.0
232063733, 17.0
438594816, 22.0
785504756, 24.0
172135780, 19.0
781040037, 25.0
725363733, 16.0
784441832, 48.0
720831943, 23.0
294977189, 93.0
650379765, 24.0
786639313, 65.0
849046953, 32.0
447946112, 16.0
821243840, 16.0
233855684, 20.0
721761341, 26.0
782207397, 13.0
239475069, 20.0
792969343, 20.0
784843257, 37.0
229634704, 34.0
363661970, 24.0
413149154, 41.0
594373673, 20.0
627323424, 15.0
258125861, 17.0
820180906, 16.0
792008828, 17.0
683712397, 20.0
781552091, 19.0
121860114, 24.0
784132591, 30.0
814008273, 33.0
285398618, 20.0
256976907, 20.0
780476894, 27.0
291139073, 34.0
347034612, 44.0
223977989, 16.0
343147305, 22.0
232983170, 24.0
383897988, 20.0
341635892, 24.0
137686878, 34.0
325579788, 32.0
713692641, 22.0
836632241, 16.0
790292585, 28.0
789442686, 24.0
209593098, 68.0
668934313, 32.0
617302973, 22.0
83958394, 20.0
378036488, 47.0
291935972, 85.0
592506067, 16.0
474911690, 30.0
192267519, 16.0
818818882, 76.0
633537101, 14.0
787671399, 21.0
176246039, 52.0
795867383, 87.0
136173447, 24.0
262486079, 19.0
219560589, 21.0
462842890, 84.0
106623431, 22.0
368575064, 48.0
151400099, 17.0
352256856, 20.0
398061587, 21.0
112765202, 18.0
399497314, 19.0
813570001, 23.0
356719351, 21.0
555230880, 19.0
11233045, 16.0
781742424, 17.0
780697929, 19.0
738937800, 42.0
578776498, 16.0
53398783, 24.0
439033337, 23.0
371810813, 22.0
232479244, 19.0
189490322, 97.0
782166339, 20.0
633856536, 30.0
169338355, 22.0
810350505, 37.0
170827209, 24.0
279953221, 18.0
169864693, 16.0
790143219, 24.0
771357202, 24.0
771199515, 42.0
402393104, 20.0
787394819, 25.0
151205612, 25.0
476451735, 19.0
711546267, 21.0
138649520, 25.0
805494774, 41.0
600796217, 20.0
853925151, 20.0
102844891, 52.0
425060015, 63.0
298501686, 24.0
